0:2,9
1:2,2,2,2,2,2,2,2,8,9
2:2,15,15
3:0,0,2,2,2,2,2,2,2,2,2,2,2,2,2,2,2,2,2,2,2,2,2,8,8,9,9,9,9,9,9,9,9
4:10
5:0,2,2,2,2,2,2,2,9
6:9
7:0,2,2,2,9,12
8:0,0,2
9:7
10:2,6,9,9
11:0,0,18
12:6,15
13:7,7,10,10,10,10,11,14,17
14:0,2,2,2,2,2,2,2,2,2,2,2,2,2,2,2,2,2,2,2,2,2,2,2,2,2,2,4,7,8,9,9,14,18
15:6
16:0,0,0,0,10,11,15,15
17:6,6,6,6,6
18:2,2,2,2,2,9
19:0,0,0,0,0,2,2,2,2,2,8,9,9,9,9,9,9
20:1,1,1,2,4,6,8,8,9,15,16,18
21:15,15
22:2,2,2,2,2,2,9,9,9
23:4,7,7,7,11,11,11,11,11,14
24:10
25:10,14,14,15
26:0,9
27:10,11
28:1,1,7,11,11,17,17
29:2,6,9,9,9,9,9
30:1,8,10,11,17
31:9,9
32:8,11,11,11
33:17
34:6,6,16,17
35:15
36:0,0,0,6,6,8,8,9,10,10,16,17
37:11
38:6,6,9,17,17
39:2,7
40:1,6,6,16,16,16,16
41:1,6,6,16,17
42:0,0,0,0,1,1,1,1,4,7,7,7,7,7,7,7,7,7,8,8,10,10,10,10,10,10,10,14,14,14,14,14,15,15,15,15,15,15,15,15,15,15,16
43:0,0,9,15
44:7,7
45:1,6,6,6,12,15,17,17,17,18,18,18,18,18
46:15
47:0,0,1,9,9,9,9,9,9,9,9,9,18,18,18
48:6,6,16
49:16,17
50:9,15,18
51:15
52:0,9,9,9,9,9,9,9,15
53:1,1,1,15,16,17,17
54:15,18,18
55:6,16,16,16,16,16,17,17,17,17,17,17
56:0,9
57:15,15
58:0,9,9,9,9,9,9
59:6
60:15
61:15,18
62:15
63:1,1,4,6,6,6,7,9,9,9,10,10,10,10,11,11,11,11,11,11,11,12,12,15,16,17
64:1,1,1,1,7,9,10,12,15,15,15,15,15,15,15,15,15,15,15,15,15,16
65:6,17
66:3,15,15
67:0,0
68:0,0,0,0,0,9,9
69:9,9
70:6,6,7,16
71:0,0,0,9,9,9,9,9,9,9,9,15
72:0,0,0,0,0,0,0,0,0,0,0,0,0,0,0,8,8,8,8,9,9,9,9,9,9,9
73:0,0,0,0,0,0,0,0,0,0,0,0,0,0,0,0,0,0,0,0,0,0,0,0,0,0,8,8,8,9,9,9,9,9,9,9,9,9,9,9,9,9,9
74:0,0,0,0,4,4,4,8,8,8,8,8,8,8,8,8,8,8,9,9,9,9,10
75:0,0,0,0,0,0,0,0,9,9
76:0,0,0,0,0,0,0,0,0,0,0,0,0,0,0,0,0,0,0,4,4,8,8,8,8,8,8,9,9,9,9,9,9
77:0,0,0,0,0,0,0,8,9,9,9,17,18
78:6,10,12,17,17,18,18,18
79:0,0,0,18,18
80:0,0,0,0,0,0,0,1,1,1,1,1,9,9,9,9,18
81:7,9,9,11,11,12
82:0,0,9,9,9
83:0,9,9
84:0,6,16,16,16,17,17,18
85:0,0,0
86:0,0,0,0,1,9,18,18,18
87:0,0,0,0,1,9,10
88:0,1,5,5,6,6,6,6,6,6,16,16,16,17,17,17
89:9,9
90:9,9
91:0,0,0,0,0,0,0,0,0,0,0,0,0,0,0,0,0,0,9,9,9,9,9,9,9,9,9,9,9,9,9,9
92:1,6,6,6,6,10,10,16,16,16,17,17,18
93:0,0,1,9
94:0,0,0,0,0,0,9,9,9
95:1,15,15
96:14,15
97:7,10,17
98:7,10,10,12,14,17
99:1,1,1,5,6,6,6,6,15,15,16,17,17
100:1
101:6,6,6,16,16,16,16,16
102:0,0,0,0,0,0,0,9,9,9,9
103:0,0,0,1,1,9,9,9,16
104:0,9
105:1,1,1,6,6
106:0,0,15
107:1,1,1,6,6,13,16
108:1
109:10
110:5,5,6,6,14,14,16,17,17,17,18,18
111:1,10,10
112:1,1,2,10,15,15,17,18,18,18,18,18,18,18
113:1,1,5,16,16
114:6,11,16,16,16,17
115:15
116:9,13,16
117:7,9,11,11,11,11
118:1,17,17
119:5,5,5,5,6,6,6,6,6,6,6,6,6,13,16,16,16,16,16,16,16,17,17,17,17,17,17,17,17,17,17,17,17,17,17
120:17,17,17,17
121:0,9,12
122:15,15
123:1,1,1,4,5,6,6,6,6,6,6,6,6,6,6,6,6,6,6,6,6,6,6,6,6,6,6,6,7,7,7,7,7,7,7,7,7,7,7,7,7,8,10,10,10,10,10,10,10,10,10,10,11,11,11,11,11,11,11,11,14,14,14,14,14,14,16,16,16,16,16,16,16,16,16,16,17,17,17,17,17,17,18
124:6,6,9,16,17
125:1,6,16
126:6,11
127:1,1
128:0
129:1,7,9,9
130:6,16,17,17
131:15
132:0,9,14
133:16
134:5,17,17,17,17
135:11,11,11,14
136:11,11,16
137:11,15,15,18
138:1,7,10,10,11,18,18,18,18
139:2,2,2,10
140:6,16,17
141:6,6,7,7,10,10,11,11,11,11,11,16,17
142:1,1,3
143:6,16
144:7,7,11
145:1,6,6,6,6,16
146:6,6,6,6,6,11,16,16,16,17,17,17,17
147:1,4,8,8,9,9,9,10,14,14,15
148:6,10
149:1,7,7,7,7,15,18,18
150:7,7
151:0,0,0,1,1,1,1,1,6,9,9,13,16,17
152:11,15
153:1,1,6,6,6,6,6,6,6,6,6,6,6,11,11,11,11,11,11,14,15,16,16,16,17,17,17,18,18
154:1,5,10,11,11
155:6,6,10,16,16,16,16,17,17,17
156:7,7,10,15,18,18,19
157:0,1,1,1,1,1,1,1,1,1,1,1,1,1,5,6,6,6,6,6,6,6,6,6,6,6,6,7,7,14,14,15,16,16,16,16,16,16,17,17,18,18,18,18,18
158:3,6,6,6,11,15,15,15,15,15,16,17,18
159:12,15
160:5,6,6,6,6,6,6,6,10,12,13,13,13,16,16,16,17,17,17,17
161:1,3,6,6,7,7,8,9,10,10,12,12,15,15,15,15,15,15,15,18
162:1,7
163:0,1,2,4,7,7,8,8,8
164:1,1,1,11,15,16
165:0,0,9,9,9,9,9
166:10,11
167:2,8,8,8,8,8,10,10,10,11,15,15,15
168:7,7,7,9,10,11,11,11,11,12,15,15,15,15,15
169:1,7
170:7,10,12
171:8,9
172:0,1,1,6,7,7,7,9,14
173:17
174:7,11,11
175:7,7,7,7,7,7,10,10,10,11,11,11,11,11,11,11,12,12,12,12,12,12,12,12,12,12,12,12,12
176:7,7,7,7,7,11,11,12,12,12
177:15
178:6,6,17
179:15
180:6,11
181:10
182:16,16
183:0,9
184:15
185:15
186:0,0,0,0,11,18
187:17,17
188:17,17
189:15,16
190:0,6,9,17
191:16,17
192:5,16,16
193:5,5,5,6,6,6,6,13,13,13,16,16,16,16,16,16,16,16,16,16,16,16,16,16,16,16,16,16,16,16,16,16,16,16,16,16,16,16,16,16,16,16,16,16,16,16,17,17,17,17,17,17,17,17,17,17,17,17,17,17,17,17,17,17,17,17,17,17,17,17,17,17
194:6,7,10,17,17
195:1,10,10,15
196:15,18,18
197:0,0,1,1,1,3,7,7,7,8,8,10,10,11,11,11,11,12,15,15,15,15,15,15,16,17,18,18,18,18,18,18,18,18,18,19,19
198:1,1,1,1,1,6,6,6,6,6,6,6,16,16,16,16,16,16,17,17,17
199:6,6,15,18,18
200:0,0,0,0,0,0,0,1,6,9,9,9,9,9,16,16,17
201:5,17,17
202:9,9
203:6,17,17
204:1,8,15
205:1,6,6,18
206:1,6,15,15,18
207:6,6,17
208:17
209:0,0,1,9,9,10,18
210:0,0,0
211:1,15
212:16,17
213:17
214:5,5,5,6,6,6,6,6,6,6,13,13,13,13,16,16,16,16,16,17,17,17,17,18
215:1,1,1,7,7,16,17
216:16
217:16,16,16,16,17,17
218:3,15,17
219:17,17
220:6,16,17
221:1,1,1,6,6,6,6,6,7,10,16,16,16,17,17,17
222:0,0
223:17
224:1,6,7,11,16
225:5,5,5,6,6,6,6,6,6,6,6,16,17,17,17,17,17,17,18,18,18
226:10,17
227:8,8,8,9,10,10
228:17
229:5,16,16,16,17
230:9,9
231:9
232:1,7,7,7,7,7,7,7,7,10,15,15,18,18
233:0,1,6,13,16,18
234:1,1,5,17
235:6,6,6,6,7,7,7,9,10,10,10,11,14,16,17,17,17
236:6,7,13,13,14,15,15,16
237:16
238:6,17
239:6,6,16,16,17,17
240:7,7,10,10,10,10,10,11,12,12
241:3,7,9,15,15,15,18
242:13,13,13,13,13,17
243:0,6,6,6,9,15,16
244:1,1,1,6,6,7,10,11,16,17
245:0,0,0,9
246:0,0,0,0,0,0,0,0,0,0,1,9,9,9,9,9,9,9,9
247:0,0,0
248:0,0,2,8,9,9
249:1,6,6,10,11
250:6,6,16,16,17,18,18,18,18
251:1,1,1,6,6,6,6,6,6,6,13,16,16,16,17,17,17
252:0,1,1,5,5,6,6,17,17,17,17,17,17,18
253:11,11,11
254:1,5,6,13,13,15,17,18
255:1,9,15
256:12,12,12
257:9,9
258:2,3,7,10,10,10
259:0
260:4,10,18
261:15
262:0
263:0,0,9,9,9,9,9,9,9,9,9
264:0,9,9,9
265:1,11,11,17
266:0,0,0,0,9
267:0,0,0,0,9,9,9,9,9
268:0,0,0,0,0,0,0,0,6,9,9,9
269:0,0,0,0,0,0,0,7,7,9,9,9,9,9,9,9,10,10
270:0
271:0,0,0,0,9,9
272:0
273:0,4,9,9
274:0,0,0,0,0,0,4,9,9,9,9,9,9,9,9,9,9,9,9,9,18
275:0,9
276:0,0,0,0,0,6,6,9,9,9,13,13,13,13,13,13,13,16,17
277:0,0,0,0,0,0,0,6,6,6,9,9,9,9,13,13,13,13,13,13,13,13,13,16,16,16,17,17,17
278:0,0,0,0,9,9,9,9
279:0,0
280:0,0,0,0
281:9,9,9,9,9
282:0,0,9
283:0
284:0,0,0
285:0,1,1,8,9,12,13
286:0,9
287:0,0,9
288:0,0,0
289:0,0,0,0,0,0,0,0,9,9,9,9,9,9,9,9,9
290:0,0,0,9,9,9,9
291:0,0,0,0,9
292:0,0
293:9
294:0,5,13,13,17
295:0,9,9
296:0,0,9,9,9,9,9,9,9,9,9,9,9,9,9,9,12
297:0,0,0,0,0,0,0,0,9,9,9,9,9,9,9,9,9,9,9,9
298:0,0,0,0,0,0,4,4,4,8,8,8,9,9,9,9,9
299:0,0,0,9,9
300:0,0,9,9
301:0,2,9,9
302:0,15
303:0,0
304:0,9
305:0,0,0,0,0,0,9,9,9
306:0,0,9
307:0,0,8,8,8
308:0,0,0,0,0,0,0,0,1,9,9,9,9
309:0,1,7,10,13,13,18
310:0,0,0,0,0,0,0,0,0,0,9,9,9,9,9,9,9,9
311:0,0
312:0,0
313:0,0,0,9
314:0,0,0,0,0,0,0,0,9,9,9,9
315:0,0,0,0,0,0,0,0,9
316:15
317:0,0,7,8,8,8,10,10,10,12,14,14,14
318:0,0,0,0,0,0,0,0,0,0,0,0,0,0,8,8,9,9,9,9,9,9,9,9,9,9,9,9,9,9,9,9,9,9,9,9
319:0,0,8,8,9,9
320:0,0,1,9
321:0,0,9
322:0,0,0,0,0,0,0,0,0,6,6,9,9,9,9,9,9,9,9,9,9,9,9,9,9,13,13,13
323:0,8
324:0,0,0,0,0,0,0,0,0,0,0,0,0,0,0,0,0,0,0,0,0,0,1,1,4,5,6,6,7,7,7,7,7,7,7,7,7,7,7,7,7,7,7,7,7,8,8,8,8,8,8,9,9,9,9,9,9,9,9,9,9,10,10,10,10,10,11,11,15,15,15,15,15,15,15,15,15,15,15,18,18,18,19,19
325:0,0,9
326:0,0,0,0,0,0,0,0,0,0,0,0,1,4,4,4,7,7,7,8,8,8,8,8,8,8,8,8,8,8,8,9,9,9,9,9,9,9,9,10,10,10,10,14
327:0,0
328:0,0,9
329:0,0,9,9,10,10,10,10,10,12,14,18
330:9,9
331:0,0,0,6,8,8,8,8,9,9,9,9,9,9,9
332:9,9
333:0,0,9,9
334:0
335:0,0,1,10,10,18
336:0
337:0,0
338:8,10
339:0,2,2,2,2,2
340:0,0
341:0,0,16,17,17,17
342:0,0,0,0,0,6,9,9,18
343:0,9,9
344:0,0,4,8,9,9,10
345:0,9,9,9,9,9,9,9,9,9,9,9,9
346:0,0,0,0,0,0,0,0,0,0,6,9,9,9,9,9,9,9,9
347:0,0,0,0,9,9
348:0,0,0,0,0,0,6,9
349:0,9
350:0,9
351:0,0
352:0,0,1,9
353:0,0,9,9
354:0,9,9,9,9,9,9,9,9
355:0,0,8,9,9,9
356:0
357:0,0,9
358:0,0,0,9,9,9
359:0,6,9,9
360:1,1,1,5,6,6,6,6,6,6,7,11,13,16,16,16,17,17,17,17,17,17
361:0,0,10
362:0,5,5,13,13,13,13,14,16
363:0,0,9
364:0,4,9,9,9,9,12,12
365:0,0,0,0,0,0,0,0,0,4,9,9,9,9,9,9
366:0,0,0,9,9,13,13
367:0,0,0,0,0,0,0,0,0,0,0,8,9,9,9,9,9,9,9,9,9,9,9,9,9,9,9,9,9,9,9
368:0,0,2,9,9,9
369:0,9,9,9,18
370:0,9,16
371:0
372:0,0
373:0,0,0,0,0,0,0,0,0,9,9,9,9,9,9
374:0,9,9,9,9
375:0,0,0,0,1,1,1,1,8,9
376:0,8,8,9,9
377:0,0,0,0,5,9,9,9,9,9,9,13
378:0,0,0,0,0,9,9,9,9,9,9
379:0,0,9,9,9,9
380:0,9,9,9
381:0,9
382:0,0,9
383:0,0,0,0,1,1,7,8,8,8,8,8,8,8,8,8,8,8,8,8,8,8,9,9,9,10,10,10,10,10,10,10,10,10,15,15,15,18
384:0,0,0,0,0,0,0,0,0,0,8,8,8,8,8,9,9,9,9,9,9
385:0,2,2,2,2,17
386:0,0,8,8,8,9,9,9
387:0,0,8,8,9,9
388:0,0,8,8,9
389:0,2,9
390:0,7,7,7,8,8,8,8,8,8,8,8,8,8,8,8,8,8,8,8,8,8,8,8,9,9,9,10,10,10,10,10,10,10,10,10,12,14
391:0,0,0,0,0,9,9,9,9,10,15,16,16
392:0,0,0,0,0,0,0,9,9,9,9,9
393:7,16
394:0,9
395:0,0,9,9,9,10,15,15,15,18
396:0,0,0,0,0,0,4,4,7,9,9,10
397:0,0,0,0,0,0,0,0,0,4,4,8,8,8,8,8,9,9,9,9
398:0,0,0,9,9,9,9
399:0,0,0,9
400:0,6,6,6,6,9,9,9,9,17,17,17
401:0,0,9,9
402:0,0,0,9,9
403:0,0,0,9
404:0,0,0,0,0,0,0,2,2,9,9,9,9,9
405:0,9
406:0,0
407:0
408:0,0,0,0,9,9,9,9,9,9,9
409:0,9
410:0,0,9,9,9,9
411:0,6,17,17,17,17,17,17,17,17
412:2,4,7,8,8,8,10,10,10
413:0,9,9
414:0,0,1,1,1,1,1,1,1,1,1,1,1,1,1,1,1,1,3,3,3,5,5,6,8,15,15,15,15,15,15,15,15,15,15,15,15,15,15,15,15,15,15,15,15,15,15,15,15,15,15,15,15,15,15,15,15,15,15,15,15,15,15,15,15,15,15,15,15,15,15,15,15,15,15,15,15,15,15,15,15,15,15,15,15,15,15,16,17,17
415:0,0,0,7,8,10
416:0,9,9,9
417:0,0
418:0,0,9
419:0,0,2,2,2,9
420:0,0,0,0,0,8,9
421:8,9,9,9,9,9,9,9,9,9,9,9,9
422:0,4,9,9,10,10,10,15
423:0,0,0,0,0,0,9,9,9,9,9,9,9,9
424:0,0,0,9,9,9,9
425:0,0,0,0,0,0,8,8,8,8,9,9
426:0
427:7,7,11,11
428:0,0,0,8,9,9,15
429:0,0,0,8,8,8,8,8,9,12
430:0,9,9,9,10,18
431:0,9,15
432:1,1,3,15,15,15,15,15,15,15,18,18
433:0,0,0,0,0,0,0,0,2,8,8,8,8,8,8,8,9,9,9,9
434:0
435:0,9
436:0,0,6,7
437:0,8,8,8,8,8,9,9,9,9,9,9,17
438:9,9
439:0,0,0,0,0,0,0,0,0,0,9,9,9,9,9,9,9,9,9,9,9
440:0,0,9,9,9,9
441:0,0,0,0,0,0,0,0,0,0,9,9,9,9,9,9,9
442:0,0,9,18
443:0,0,9,9,9,9,9
444:0,9,9,9,9,16
445:0,9,9,9,9
446:0,0,9
447:0
448:0,9
449:0,0,3,7,14
450:0,17,18
451:0,15,15
452:0,9
453:0,0,0
454:0,0
455:0,0,9
456:0,0,1,1,9,15
457:0,0,9
458:3,8,15,15,15,15,15,15,15,15,18
459:0,0,9,9,9,9,9
460:0,0,0,9,9
461:0,0,0,0,0,0,9
462:0,9
463:0,5,6,16,16,16,17,17
464:0,6,12,15,18
465:0,9,9,9
466:7,10,10,10
467:1,8,8,8,8,8,8,8,8,8,8,15,15,15,15
468:0,0
469:0,0,4,8,8,8,10,10,10,14,14
470:0,9
471:0,1,15,15,15,16
472:0,0,0,0,0,0,0,9,9,9,9,9,9,9,9,9,9,9,9,9,9,9,10,18
473:0,7,8,8,9,9,10,10,10,14
474:0,0,0,0,0,9,9,9
475:0,9
476:0,0,9
477:9
478:0,0,1,3,3,3,3,3,3,3,3,4,9,9,9,9,9,9,9,9,9,9,9,12,15,15,18,18
479:0,0,0,9,9,9,9,9,9,9,9
480:0,5,17,17,18,18
481:4,8,8,8,8,8,9,9,9,9
482:1,4,8,9,10,10
483:0,0,8,9
484:0,0,0,0,0,9
485:0,0,9,9,9,18,18,18,18
486:0,0,2,4,9,9
487:0,3,15,15,15,18,18,18
488:0,4,8,8,9
489:0,4,8,8,8,9
490:0
491:0,9
492:0,8,9,9
493:0,0,9
494:9,9
495:0,1,9,15
496:0
497:0,0,0,0,0,0,0,0,0,0,9,9,9,9,9,9
498:0,0,8
499:0,0,0,0,9
500:15
501:0,0,0,7,7,8,10,10,10,10,10,11,12,12,12,14,14,14
502:0,6,8,9,10,12,14
503:0,0,9,9
504:0,9,9,9,9
505:0,0,0,0,0,0
506:0,0,0,9,9,9
507:0,9
508:0,9
509:0
510:0,0,9
511:0
512:0,0,0,0,0,4,4,8,9,9,15
513:0,9
514:0,0
515:0,1,4,7,7,7,7,7,7,7,8,8,8,8,9,10,10,10,11,11,12,12,14,14,14,14,15,15,15
516:0
517:0,10
518:0,0,0,0,7,9,12,18
519:0,0,8,8
520:0,0,0,0,0,9,9,9,9
521:0,0,9,9,9
522:0,9
523:9,9,9
524:0,0,9
525:0,10
526:0,0
527:0,1,1,1,3,3,3,9,15,15,15,15,15,15,15,15,15,15,15,15,15,15,15,15,15,15,18,18
528:10,18
529:0,0,4,11
530:0,0,0,0,0,0,0,0,9,9,9,9,9,9,9,9,9,9
531:0,0
532:0,0,0,9,9,9,9,9
533:0,0,0,9,9
534:0,15,15,15,15,17
535:0,0,0,2,2,2,2,9,9,9,9,9,9
536:0,0,0,0,0,0,0,0,0,0,8,8,9,9,9,9,9
537:0,9
538:0
539:0,0,0,9
540:0,0,0,0,0,0,0,0,0,0,0,0,0,0,0,9,9,9,9,9,9,9,9,9,9
541:0,3,7,9,9,9,9,9,17,18
542:0,0,9
543:0,9,9,9,15,18
544:1,9
545:0,9
546:0,9
547:0,0,0,9,9,13,13,13,13,13,13,13,13,13,13,13,13,13,13,15,16,16,16,16,16,16,17,17,17,18
548:0,0,0,0,0,0,0,0,9,9,9
549:0,0
550:1,1,5,5,5,5,6,6,6,6,6,6,6,6,6,6,6,6,6,6,6,6,6,6,7,7,7,7,7,7,7,7,7,7,7,7,7,7,9,10,10,10,10,11,12,13,14,14,14,14,14,14,16,16,16,16,16,16,16,17,17,17,17,17,17,17,18
551:0,0,8,9
552:9,9,9
553:0,0,1,9,9
554:0,8,9,9,9,9,9
555:0,0,0,1,6,6,8,8,8,9,9,10,10,10,10,10,10,10,10,10,11,17
556:0,9,9,9
557:0,0,0,0,0,0,0,0,9,9,9,9,9,15,15,15,15,15
558:0,0,0
559:0,0,0,0,9,9
560:0,0,0,0,0,0,4,4,7,8,8,9,9,9,9,10,11
561:0,9,9
562:0,0,9
563:0,0,9
564:0,0,0,0,0,0
565:0,0
566:0,0,0,0,0,9
567:0,0,0,0,0,9,9,9
568:0,0,0,7,7,8,9,9,9,9,10
569:0,7,9,14,14
570:0,0,0,8
571:0,0,0
572:0,9,9
573:0,9
574:0,9
575:0,0,4,9
576:0,0,9,9,9,9
577:0,9,9,9,9
578:13,16,16
579:0,0,0,0,5,5,6,6,9,9,9,9,9,9,9,9,9,9,13,13,13,13,13,13,13,13,13,13,13,13,13,13,13,13,16,17,17,17,17,17
580:0,0,1,1,3,3,3,3,5,6,9,9,15,15,15,15,16,17,18,18,18,18,18,18,18,18
581:0,0
582:0,9
583:0,15
584:0,0,0,0,9,9,9,9,9,9,9
585:0,9
586:0
587:0,9,9,9,9
588:0
589:0,0
590:1,1,1,1,9
591:0,0,9
592:0,9,9
593:0
594:0,0,9
595:0,0,0,9,9,9
596:0,0
597:0,0,9,9,9
598:0,0,0,9,9
599:0,0,8,8,8,8,8,8,8,8,9,9,10
600:0,8,8
601:0,8,9,9
602:0,0,0,1,4,6,7,7,8,8,8,9,9,10,10,10,12,14,14,16,16,16
603:0,0,0,0,9
604:0,0,9
605:0,0
606:0,0,8,8,9,10
607:0,8,8,8,8,9,9,10,15
608:0,8,8,8,8,8,15,15,15
609:0,8,9
610:0
611:0
612:0,1,15,16,18,18
613:0,0,1,7,15,15
614:0,9
615:0,0,0,0,1,9,9,9
616:0,9
617:10
618:0
619:0,0,0,0,0,0,0,0,4,4,8,8,8,8,8,8,8,9,9,9,9,9,9,9,9,9,9,9,12,12,12,13
620:0,9,9
621:15
622:0,9
623:7,7,7,8,8,8,8,9,10,10,10,15
624:0,9
625:0,9,9
626:9,9
627:0
628:0,0,0,15,15
629:1,10
630:0,9,10
631:0,0,0,2,2,2,2,2
632:0,7
633:0,0
634:0,9
635:0,0,0
636:0,0,0,0,0,0,0,9
637:0,9,11
638:0,8,8,9,9,9
639:0,0,9,9,15,15,15
640:0,15,15
641:0,0,9
642:0,1,1,7,7,7,8,8,8,8,8,9,10,10,10,10,10,10,10,10,10,10,10,10,15
643:0,0,0,0,0,0,0,0,0,9
644:0,0,9
645:0,0,0,0,8,9,9,9,9,9
646:0,0,8,9,10,10,14
647:0,6,7,7,7,7,10,14
648:0,9,9
649:0,0,9,9,9,9
650:0,9
651:9
652:0,0,0,4,9,9,9
653:0,0
654:0,0
655:0
656:0,9
657:0
658:0,0,5,9,9,9,9,9,9,9,18,18,18,18,18,18,18,18,18
659:0,0,0,9,9
660:0,0,0,0,9,9,9,9
661:0,0,0
662:0,0,0,9,9,9,9,9
663:0,9
664:0,15
665:0,7,15
666:0,9,9
667:0,2,2,2,2,2,8,9,9,9,9
668:0,0,1,1,8,15,15
669:0,0,0,0,0,0,0,0,0,0,0,0,0,8,8,9,9,9
670:0,2,9
671:0,0,0,4,4,8,9
672:0
673:0,0,9,9
674:0,0,9
675:0,0,9,9,9,17
676:0,0
677:0,0,0,0,0,0,4,8,8,8,8,8,8,8,8,8,8,8,8,8,8,9,9,9
678:0,0,0,0,9
679:0,9
680:0,0,0,0,9,18
681:0,9,9,15,15,15,15
682:0,9,9,9,9,15,15,15
683:0,1,1,9,9,17
684:0,0,9,9,15,15
685:0
686:0,4,14,14,14,14,14
687:1
688:0,0,0,0,9,9,9
689:0,0,8,8,10,10,10
690:0,0,0,8
691:0,0,0,0,0,0,8,8,8,8,8,8,8,8,8,8,8,8,8,9,9
692:0,9,13,13,16,16,16,16,16,16
693:9,9
694:0,15
695:0,0,0,0,9,9,9
696:0,9
697:0,9
698:0,0,9,9,9,9,9
699:0,0,9
700:0,0,0,0,9,9,9
701:0,9
702:0,0,9
703:10,10
704:10
705:1,1,5,5,5,6,6,6,6,6,6,6,6,6,6,6,9,13,15,15,16,16,16,16,16,16,16,16,16,16,16,16,16,17,17,17,17,17,17,17,17,17
706:0,0,0,9,9
707:10,10
708:0,6,9,9,15,17,17
709:0,0,0,0,9
710:0,0,0,0,9,9,9
711:0,10,10
712:0,0,0,9
713:0,0,9,9
714:0,0,0,4,8,8,8,8,8,8,9,9,9,9,9,9,9,9,9,9,9
715:0,6,6,10,16,16,16,17,17
716:7,10,10
717:0,0,0
718:0,9
719:0,0,9,16
720:0,6,8,8,9,9,10,16
721:0,0,0,9,9,9
722:0,8,8,8,9
723:0,0,6,9,9,9,9,13,15,15,16,17
724:0,0
725:0,0,0,9,17
726:0
727:5,5,5,6,6,15,15,16,18
728:0,9
729:0,2,2,2,2,8,15
730:4,4,4,4,4,4,8,8,8,8
731:7,7,8,9,10
732:0,7,8,8,8,8,8,8,8,9,10,10
733:0,0,0,4
734:0,0,0,9
735:0,0
736:0,0
737:0,9
738:0,10
739:0,0,0,0,9,9
740:0,0,0,4,4,4,4,8,8,8,12
741:0,4,9
742:0,0,0,0,9,9
743:8,8,9,10
744:0,0,0,9,9,9,9,9,15
745:0,0
746:0,0
747:0,1,3,3,10,15,15,15,18
748:0,0,0
749:0,17
750:0,16,16
751:0
752:0,0,9
753:0,0
754:0,9
755:0,7,7,7,9,12,13
756:6,6,13,13,13,13,16,16,16,16,17,17
757:6,16,17,17
758:0,0,0,0,8,9,9,9
759:0,0,8,8
760:0,0,8,8,8,8
761:0,9,9,9
762:0,0,9
763:0,0,0,9
764:0,0,0,4,8,8,8,8,8,8,8,8,8,8,8,8,8,9,9,9
765:0
766:0,0,9
767:0,0,0,9,9
768:1,1,1,1,2,6,6,6,6,6,6,10,10,10,10,10,10,10,10,10,10,10,10,10,10,11,11,14,16,16,17,17,17
769:0,0,0,0,0,7,8,8,8,8,9,10,15,15,15,15,18,18
770:0,9
771:0,9,15
772:0,0,0,0,0,9
773:0,0,9,9,9,9,9
774:0,10,17
775:0,0,4,4,4,4,4,7,7,7,7,7,7,7,7,8,8,8,8,8,8,8,9,9,9,9,9,10,10,10,10,10,11,11,12,12,12
776:0,9,15,15
777:0,9
778:0,7,8,9,14,14,17
779:0,9
780:4,8,8,9
781:0,0,9,9,9
782:0,9
783:9,9,9,9,9
784:0,8,9,9,17
785:0,0,0,6,17
786:0,1,7,8,8,9,12,18
787:0,9,9
788:0,4,8
789:0,0,0,4,4
790:9,9,9
791:1,9,10,10,10,10,14,18
792:6,6,6,6,6,9,13,13,16,16,16,16,16,16,16,16,16,16,16,16,16,16,17,17,17,17,17,17,17,17,17,18,18,18
793:0,0,9,15
794:0,0,9,15
795:0,9,9,9,9
796:0,9
797:0,10,15
798:0,9,9,9
799:10
800:0,9
801:0,0,9,9,9
802:0,0
803:0,0
804:1,9,9,15
805:0,15
806:0
807:0,9
808:1,1,15,15
809:0,9
810:0,0,9
811:0,9
812:0,0,9
813:0,0,0,9,9,9
814:9,9,9
815:0,0,9
816:0,8,8,9,9
817:0,0,9
818:0,8
819:0,4,8,8,8,8,8,9,9,9,9,9
820:0,4,4,8,8,8,8,8,9,9,9,9,9
821:9,9
822:0,9,9
823:0,0,0,9,9,9
824:0,0,0,9,9
825:15
826:0,9
827:0,0,2,8,8,8,9
828:0,0,1
829:9
830:0,0,4,4,7,7,7,8,8,9,9,9,9,10,11,11,11,11,11,11,11,11,11,11,11,11,11,12,12,12,18
831:0
832:0,0,9,9,9,9
833:0,0,9
834:0,0
835:0,0,15,15
836:0,0,9,9
837:0,9
838:8,9
839:0,9
840:0,9,9,9,9,9
841:0,9,9
842:0,9,9
843:0,9,9
844:0,0
845:0,0,0,0,9,9
846:0
847:0
848:0,0,9
849:0,8,9,9,9,9
850:0,0,2,2,2,2,2,2,2,2,8,8
851:0,0,9,11,11,11,11,18,18
852:0,9,9,9,15,15
853:9,9
854:0,0,0,0,0,9,9,10
855:1,5,5,5,6,6,6,6,6,6,6,6,7,7,7,9,10,10,10,11,13,15,16,16,16,16,16,16,17,17,17,17,17,17,17
856:0,0,9,9
857:0,0
858:0,6,8,9,9,9,9,10,10,10,15
859:0,9,9
860:0
861:0,0,9
862:0,0,0,0,9,14
863:0,0,0,0,9,9,18
864:0,0
865:9,9
866:0,0
867:0,9,10,12
868:0,9,15
869:0,2,2,2,2,2,2,9
870:8,9,15,15,15,15
871:0,9,9
872:0,0
873:0,0,9,9,9,9,9
874:0,0,9
875:0,0,9,9
876:0,0,1,4,7,7,8,8,9,9,10,10,10,10,10,10,10,10,10,14,14,16,16,16,18
877:7,8,9,10,10,10
878:9
879:0,6,8,8,15,16,17,17
880:0,1,1,6,7,7,9,9,9,10,11,17
881:0,9
882:0,8,10,10,15,15,15
883:0,4,4,4,8,8,8,9,9,18
884:0,1,7,10,10,18,18,18,18,18
885:0
886:0
887:0,9
888:0,0,0,4,4,4,7,7,7,8,8,8,9
889:15
890:0,0,9
891:0,9,9
892:0,0
893:0,0,9
894:0,0,0,9,9,9,9,9,9,9,9
895:1,6,7,7,7,7,7,7,7,7,7,7,7,8,9,10,10,10,10,12,14,14,14,14,15
896:0,0,0,4,8,9,9
897:0,9
898:0,0
899:0,9,9,9
900:0,9,9
901:0,9,9
902:0
903:0
904:0,9,9
905:0,1,4,4,4,7,8,8,8,8,10,10,10,16,18
906:0
907:0
908:9,13,13,17
909:0,9
910:0,9
911:0,0,9,9,9,9,9,9
912:0,9
913:0,9
914:0,0,9
915:0,0,0,0
916:0,15
917:0,0,0,0,0,8
918:0
919:0,0,0,9
920:0,9
921:0
922:0,0,0,9
923:0,9
924:0
925:0,0,9
926:0
927:0
928:0,8
929:0,8,8,9
930:0,0,9,9,9
931:0,0,0,0,9
932:0,9,9
933:0,0,9
934:1,8,8,8,10,10
935:0
936:0,10
937:0,9
938:0,0,9,9,9,9,9,9
939:0,9
940:0
941:9,9
942:0,9
943:0,9
944:0,0,9
945:1,10
946:0,9,9,9
947:0
948:0,0,0
949:0
950:0,0,1,15
951:0,7,10
952:0,7,9,9
953:0,0
954:10
955:0
956:0,0
957:0
958:0,1
959:0,1,1,1,1,1,7,7,8,9,10,10,10,10,10,10,12,12,12,12,12,12,12,12,12,14
960:0
961:0,0,0,0,0,8
962:8,9
963:0,0,17
964:0,9,9
965:8,9
966:0,9,15,15,15
967:0,0,9
968:0,9,9
969:0
970:6,6,6,6,6,6,10,13,13,13,13,13,13,13,13,13,13,13,13,13,13,13,13,16,16,16,16,16,16,16,16,16,16,16,16,16,16,16,16,16,17,17,17
971:0,9
972:0,0
973:0,9,9,9,11
974:0,1,1,1,1,1,5,5,5,6,6,6,6,6,7,7,7,7,7,7,7,7,10,10,10,10,10,10,10,10,10,10,10,10,10,11,11,11,13,13,14,14,14,14,14,14,15,16,16,16,17,17,17,17,18
975:0,1,1,7,10,11,14,14,18
976:0,0,9,9
977:0,1,1,1,1,1,1,1,1,1,1,1,1,1,1,1,1,1,5,5,5,5,5,6,6,6,6,6,6,6,6,6,6,6,6,6,6,6,6,16,16,16,16,16,16,16,16,16,16,16,16,16,16,17,17,17,17,17,17,17,17,17,17,17,18,18
978:0
979:0,9
980:0,8,8,8,8
981:0,9,9
982:0,0,0,8,8,9,9,9,9,9,9,9,10,10,10,10,12,12,15,15
983:0,9
984:0,8,8,9,9,10,12,15
985:0,0,9,9
986:0,9
987:0,9
988:0,9,9,9
989:0,2
990:0,0,4,8,8,8,10,10,10,12
991:0,2,2
992:0,0,0,1,1,1,1,5,5,6,6,6,9,9,13,13,16,16,17,17,17,17
993:0,0,9,9
994:0,0,8,8,8,8,8,8,8,8,8,8,8,9,9,9,9,9,9
995:0,9
996:0,0,0,0,2,2,2,2,2,9
997:0,0,9,9,9,9
998:0,0,0,0,0,0,0,4,4,4,4,4,7,7,7,7,7,8,8,9,9,9,11,11,11,11,11,11,11,14
999:0,0,8
1000:0,6,6,9,13,13,13,13,13,16
1001:0,8,8,9,11
1002:0,0
1003:0,8,15
1004:0,0,8,9
1005:0,9
1006:0,10,18
1007:0,9
1008:0,0,0,9
1009:1,1,1,1
1010:1,15
1011:9
1012:0,9,15
1013:0,1,1,1,5,5,5,5,5,5,5,5,5,5,6,6,6,6,6,6,6,6,6,6,6,6,6,6,6,6,6,6,6,6,6,6,10,11,13,13,13,13,13,15,15,16,16,16,16,16,16,16,16,16,16,16,16,16,16,16,16,16,16,16,16,16,16,16,16,16,16,17,17,17,17,17,17,17,17,17,17,17,17,17,17,17,17,17,17,17,17,17,17,17,17,17,17,17,17,17,17,17,17,17,17,17
1014:0,0,1,2,6,7,7,8,9,12,15,15,15,15,15,15
1015:0,0,1,1,1,1,1,1,1,1,2,5,5,5,6,6,6,6,6,6,6,6,6,6,6,6,6,6,6,6,6,6,6,6,6,6,6,6,6,6,6,6,6,6,6,6,6,6,7,7,7,7,7,7,7,7,7,7,7,7,7,7,7,7,9,9,10,10,10,10,10,10,10,10,10,10,10,10,10,10,10,10,10,10,10,10,10,10,10,10,10,10,10,10,10,10,10,11,11,11,11,11,11,11,11,12,12,12,12,12,14,14,14,14,14,14,14,14,14,14,15,16,16,16,16,16,16,16,16,16,16,16,16,16,16,16,16,16,16,16,16,16,16,16,16,16,16,17,17,17,17,17,17,17,17,17,17,17,17,17,17,17,17,17,17,17,17,17
1016:0,0
1017:0,0,0,0,9,9,9,9,9,9,9,11
1018:0,8
1019:0,0
1020:0,0,9
1021:0,0,8
1022:0,0,0,8,8,8,9,9,10
1023:0,9
1024:0,9,18
1025:0,0,9
1026:0,9
1027:0,0,9
1028:0,0,0,0,11,18
1029:0,0,0
1030:0,0,4,4,9
1031:0,8,8,8
1032:0,0,8,8,8,8,9,9,18
1033:0,9
1034:0,0
1035:0,9,9
1036:0,9
1037:0,6,9,9,9,9
1038:0,0,9
1039:0,0,0,9,9,9,13
1040:0,0,9,9
1041:0,9
1042:0,1,6,6,6,7,7,10,10,14,15,16,16,16,16,17,17,17,18
1043:0,0,1,15,15,18
1044:0,9,9,9,9,15,15,15
1045:0,0
1046:0,0,7,15
1047:0,0,9,9,9,9,9,9
1048:0,0,0,9,9,18
1049:0,9,9
1050:0,0
1051:0,0,9
1052:0,1
1053:0,9,9
1054:0,5,13,13,18
1055:0,7,7,11,12,12
1056:0,0,9
1057:0,0
1058:0,0,9,9,9,9
1059:0,2
1060:0,0,9,9
1061:0,0,9,9
1062:0,0,0,0,0,2,2,4,7,7,8,8,10,14,14,14,14,14,15
1063:0,0,0,0,0,0,1,2,2,2,2,4,4,4,4,4,4,7,8,8,8,9,9,10,11,14,14,14,14,14,14,15
1064:0,0,0
1065:0,1,15
1066:0
1067:0,0
1068:0,1,1,7,8,8,10,10,12,15,15,15,15,15,15,18,18,18,18,19,19
1069:0,9,9,9
1070:0,1
1071:0
1072:0,2,8,9
1073:0,1,8,9,10,15
1074:0,0
1075:0,9
1076:0,1,7,7,10,14,16,18,18,18,18
1077:0,0
1078:0,0
1079:0,15
1080:0
1081:0,0,8,9,9
1082:0,9
1083:0,8,8,8,11,14,14,14
1084:0,0,15,15
1085:0,4,4,8
1086:0,0,0
1087:0,8,8,8,9
1088:0,2,8,8,8,10,18,18
1089:0,9
1090:0,1
1091:0,0,9
1092:0,0,9
1093:0,0
1094:0,9
1095:0,0,9
1096:0,9,13,13
1097:0
1098:0,0,12
1099:0,9,11
1100:0,0
1101:0
1102:0,9
1103:0,1,15,15,18,18
1104:0,0,0,8,9
1105:0,9
1106:0,9,9
1107:0,0
1108:0,9
1109:0,1,3,3,7,8,8,9,15,15,15,15
1110:0,0
1111:0,9,9,13,16,18
1112:0
1113:0,8,9,9
1114:0
1115:0,15,18
1116:0,2,2,4,9,11
1117:0
1118:0,7,11,14
1119:0,9
1120:0,15,15
1121:0,1,1,3,4,7,7,10,11,15,15,18
1122:0,15,15,15,15
1123:0,1,1,1,10,10,12,12,12,12
1124:0,7,15,15,18
1125:0,1,8,8,15,15,15,15,16,18,18,18,18
1126:0
1127:0,9
1128:0,15
1129:0,9
1130:0
1131:0,9,9,18,18,18
1132:0,2,2,2,2,2,2,2,2,2,2,8,8,8,9,9,9
1133:15
1134:9
1135:16,17
1136:9,16
1137:1,13,16
1138:8,8,8,8,8
1139:9,9,9,9
1140:9,9,9
1141:6,17
1142:10,10,13,13,13
1143:17
1144:6,6,17
1145:9,9,9
1146:17
1147:4,9,9,9,9,9,10,11,12
1148:6,16,16,16,16
1149:6
1150:6,11,16
1151:13,16,16,16,17,17
1152:9,9,9
1153:9,9,9
1154:9,9
1155:4,8,8,10
1156:4,4,8,8,10,12,12
1157:2,2,2,15
1158:2,2,7,7,7,9,10,12
1159:7,7,14,14
1160:2,9,9
1161:9,9
1162:2,2,2,2,2,9
1163:7,11,11,11
1164:15
1165:1,1,1,6,15,15,15,15,15,15,15,15,15,15,15,15,15,15,15,15,15,16,17,17
1166:4,9,9
1167:11,11,11,12,12
1168:3,11,15,15,15,15,15,18,18,18
1169:9,9,10,12,15,15
1170:17
1171:1,7,10,11,14,15
1172:9
1173:2,3,3,3,3,3,3,3,3,3,3,5,9,15,15,15,15,15,15,15,15
1174:9
1175:7,7,7,8,8,8,8,8,8,8,8,10,10,10,10,10,10
1176:11,15
1177:3,15
1178:9,9
1179:15,18
1180:10,10,10,10
1181:3,15,15,18
1182:15
1183:1,10,15,15,15,15,15,15,15
1184:10,15
1185:15
1186:9,15
1187:1,15
1188:15
1189:15,15
1190:9,9,9
1191:6,16,16,17,17
1192:17
1193:15,15,15
1194:7,15,15,15
1195:11,15,15
1196:1,1,1
1197:9,10,15,15,15,19
1198:3,3,3,3,3,3,15,15,15,15,15
1199:10
1200:15
1201:15
1202:15
1203:1,1,12,15,15,15,15,15
1204:8,8,8,9,15,15
1205:6
1206:15,15
1207:1,15,15,15,15,15,15,15,15
1208:9,15
1209:1,1,1,1,1,1,1,1,1,1,3,6,10,10,10,10,10,10,10,10,10,15,15,15,15,15,15,15,15,15,15,15,15,15,15,15,15,15,15,15,15,15,15,15,15,15,17,18,18,18
1210:15,15
1211:1,9,15,15,15,18
1212:1,10,15
1213:15
1214:15
1215:3,3,3,3,8,15,15
1216:15
1217:9
1218:1,3,3,3,3,4,7,7,8,9
1219:9,9,9,17
1220:9,9
1221:9
1222:9
1223:15,15,15,15
1224:15,15
1225:15,15,15,15
1226:15
1227:1,1,3,3,18
1228:9,9,9,12
1229:1,1,10,15,15,15,15,15,15
1230:15,15,15
1231:3,3,3,3,15
1232:1,15,15,15,18
1233:15
1234:15
1235:9,9,9,9,9
1236:7,14
1237:15
1238:15
1239:1,3,15,15,15,15
1240:15
1241:15
1242:8,8,8,8,8,9,16
1243:1,1,1,1,3,3,3,3,3,3,3,3,3,3,3,3,3,3,3,15,15,15,15,15,15,15,15,15,15,15,15,15
1244:15
1245:9
1246:8,15
1247:4,10,18
1248:7,8,15,15
1249:10,10,11,11,15,18,18
1250:15
1251:15
1252:10,10,10,15
1253:9
1254:8,10,10,10,13,14,14
1255:9
1256:1,1,1,15,15
1257:15,15,15,15,15,15,15,15,15,15,15,15,15,15,15,15,15,16
1258:3,3,15
1259:15
1260:15
1261:15
1262:17
1263:9,9
1264:9,15
1265:15
1266:15
1267:8,15
1268:15
1269:1,1,1,3,15,15,15
1270:3,18
1271:1,1,12,15,15,15
1272:15
1273:15
1274:1,1,10,16
1275:10
1276:13,16
1277:6,6,17,17
1278:15
1279:6,6
1280:6,17,17
1281:15
1282:15
1283:15,15,15
1284:1,1,5,14
1285:16,16
1286:16,16,16,16,16,17
1287:6,6,6,6,6,16,16,16,16,17,17,17,17,17
1288:6,6
1289:5,5,5,6,6,6,6,6,6,6,6,6,16,16,16,16,17,17,17,17,17,17,17
1290:15,15
1291:6,15,17
1292:5,6,13,16,17,17,17,17
1293:17
1294:15
1295:6,16
1296:6,9,15
1297:1,1,1,1,1,1,1,1,6,6,10,11,15,16,16,17,17
1298:6,16
1299:6,6,6,6,10,17
1300:9
1301:1,1,6,16
1302:5,5,6,6,6,6,6,6,6,6,6,6,6,16,16,16,16,16,16,16,16,16,16,16,16,16,16,16,16,17,17,17,17,17,17,17,17,17
1303:1,9
1304:6,6,16
1305:15
1306:6,10,16,16,16,17,17
1307:6,17,17
1308:17
1309:11
1310:5,16,17,17,17,17
1311:16
1312:6,6,17,18,18
1313:16
1314:6,6
1315:9
1316:6,16
1317:6,6
1318:15,15
1319:15
1320:6,17
1321:13,16,16
1322:16,16
1323:6,17
1324:9,9,9,9,15,15
1325:10
1326:6,7,7,10,11,11,12,12,14,16,16
1327:10
1328:6,6,7,7,12,13,14,16,17
1329:11
1330:5,5,16,17
1331:6,6,6,9,13,16,16,16,16,16,16,16,16,16,16,16,17,17,17,17,17,17,17,17,17,17,17,17,18
1332:17
1333:16
1334:9
1335:5,16,16,17,17
1336:1,1,1,5,5,6,6,6,15,16,17,17,17,17,17,17,17
1337:9,9
1338:9,9
1339:9,9
1340:7,11
1341:5,6,10,10,10,10,14,14,14,16,16,17
1342:6,6
1343:1,1,6,6,6,6,13,16,16,16,17,17
1344:10,14,14,15
1345:16,16
1346:6,17
1347:15
1348:10
1349:7,7,10,10,10,11,11
1350:9,9
1351:11,15
1352:10,11,11,11,18
1353:5,7,7,7,10,11,12,14,17
1354:16,16,17,17,17
1355:17
1356:6
1357:5,6,6,6,6,13,13,16,16,16,16,16,17,17,17,18
1358:7,13,16,16,17,17,17,17,17
1359:6,6,6,6,6,16,17,17,17,17,17,17,17
1360:1,5,5,5,6,6,6,6,9,13,13,13,13,13,13,13,13,13,13,13,13,13,13,16,16,16,16,16,16,16,16,17,17,17,17,17,17,17
1361:6,16,17
1362:1,1,1,1,1,4,5,5,5,6,6,6,6,6,6,6,6,6,6,6,6,6,6,6,7,7,7,7,10,10,11,11,11,11,11,11,11,11,11,14,15,16,16,16,16,16,16,16,16,17,17,17,17,17,17,17,17,17,17,17,17,17,17,17,17,17,17
1363:1,1,1,1,1,5,5,5,6,6,6,6,6,6,6,6,6,6,6,6,6,6,6,6,6,6,6,6,6,6,6,7,7,7,13,15,16,16,16,16,16,16,16,16,16,16,16,16,16,16,16,16,16,16,17,17,17,17,17,17,17,17,17,17,17,17,17,17,17
1364:5,5,6,6,6,6,6,13,13,13,13,16,16,16,16,16,17,17,17,17,17,17,17
1365:1,6,6,6,6,13,16,16,16,16,17,17,17
1366:1,1,5,5,6,6,6,6,6,6,6,7,11,11,15,16,16,16,17,17
1367:1,13,13,16,17,17
1368:5,5,6,6,6,6,6,6,16,17,17,17
1369:1,5,6,6,6,13,13,15,16,16,17,17,17,17,18
1370:17
1371:3,5,15,17
1372:1,6,6,6,16,16,16
1373:5,6,16,16
1374:1,1,5,6,6,10,12,16,17
1375:17
1376:1,1,13,13,13,13,13,16,17,17,18
1377:1,1,5,6,6,10,10,12,13,13,14,16,16,16,17,17
1378:15,15,16
1379:1,5,5,16,16,16
1380:1,10
1381:6,17
1382:5,9
1383:1,1,1,5,5,6,6,6,6,6,6,16,17
1384:1,15
1385:7,10,11,12,12
1386:5,6,6,6,17
1387:7,12,14,14
1388:1,16,16,17
1389:17,17
1390:6,6,6
1391:1,1,1,1,1,6,6,15,17
1392:6,6,6,6,17
1393:7,11,11,11,11,11,11,12,12,12
1394:5,13,13,13,13,13,13,13,13,13,16,16,16
1395:1,5,6,17,17
1396:1,5,6,6,6,6,6,6,6,6,6,6,6,6,6,16,16,17,17,17,17,17,17,17,17,17,17,17,17
1397:17
1398:1,1,1,6,6,6,6,6,6,16,17,17,17,17,17,17
1399:5,6,16,17,17,17
1400:1,5,5,5,6,6,6,6,6,6,6,6,6,13,13,16,16,16,16,16,16,16,16,16,16,16,16,16,16,16,17,17,17,17,17,17,17,17,17,17,17,17,17,17,17,17,17,17,17,17
1401:6,6,6,7,11,11,16,17
1402:16,17
1403:6,6,16,16,17
1404:5,5,5,5,6,6,6,6,6,6,6,6,6,6,13,16,16,16,16,16,16,16,16,16,16,16,16,16,16,16,16,16,16,16,17,17,17,17,17,17,17,17,17,17,17,17,17,17,17
1405:5,6,17
1406:5,13,13,13,16
1407:6,6,17
1408:1,1,2,6
1409:17,17,17,17
1410:1,6,6
1411:6,17
1412:1,1,5,6,6,17,17,17,17
1413:6,6,16,17
1414:6,6,12,16,16,17,18
1415:6,6
1416:10,11
1417:6,16,17,17
1418:3,5,6,13,15,15,17,17
1419:5,5,6,16,16,17,17,17,17,18,18
1420:5,6,6
1421:6,6,17,17,17,17
1422:13,13,13,13
1423:5,6,17,17
1424:13,13,13,16,17
1425:9,9,9
1426:16,17
1427:9,9,17,17
1428:5,5,6,6,6,6,6,6,6,13,13,13,13,13,13,13,16,16,16,16,16,16,16,16,16,16,16,16,16,16,16,17,17,17,17
1429:5,6,6,16,17,17,17
1430:17
1431:13,17
1432:1,1,1,1,6,11,11,11
1433:15
1434:1,1,5,5,5
1435:1,6,6,6,6,16,16,17
1436:15,15
1437:1,1,1,5,5,5,5,5,6,6,6,6,6,6,6,6,6,6,6,6,6,6,6,6,6,7,7,7,10,10,10,11,11,11,11,11,11,11,11,14,16,17,17,17,17,17,17,17,17,17,18
1438:16
1439:6,6,6,6,17
1440:10,11
1441:5,5,5,5,5,6,6,6,6,6,6,6,10,10,16,16,17,17,17,17,17,17,17,17,17
1442:1,5,6,6,12,13,17
1443:1,6
1444:11,11,11
1445:1,5,6
1446:11,11,12,12,15,15
1447:15,15,15,15,15,15,15,15,15,15
1448:1,5,5,6,17
1449:5,5,6,6,13,13,13,13,13,13,13,16,16,16,16,16,16,16,17,17,17
1450:5,5,5,6,13,13,13,13,13,13,13,13,13,13,16,16,16,17,17,17,17,17,17,18
1451:1,1,1,1,1,6,6,6,13,14,16,16,17,17,17
1452:13,13,17,17
1453:6,6,6,13,15,16,16
1454:1,1,1,6,6,10,11,11,11,12,12,14,18
1455:1,6,9,9,16
1456:1,3,5,6,6,6,6,6,17,17,17,17
1457:7,7,11,12
1458:6,6,6,6,17
1459:1,1,1,3,3,15,15,15,15,15,15
1460:6,6,13,13,17
1461:6,6,13,13,13,13,13,13,13,17,17
1462:15,15,15,15,15
1463:3,3,3,3,15,15,15
1464:7,11,11
1465:3,3,15,15
1466:15
1467:10
1468:1,1,3,3,3,3,3,3,15,15,15,15,15,15,15,15,15
1469:16
1470:1,6,12,12,12
1471:15
1472:15
1473:15
1474:1,1,6,15
1475:1,1,1,1,1,4,5,5,5,5,5,5,5,5,6,6,6,6,6,6,6,6,6,6,6,6,6,6,6,6,6,6,7,7,7,7,7,7,7,7,7,7,7,8,8,10,10,10,10,10,10,10,10,10,10,10,11,11,11,11,11,11,12,12,12,12,12,12,13,14,14,14,14,14,14,14,16,16,16,16,16,16,16,16,16,16,16,16,16,16,16,16,16,17,17,17,17,17,17,17,17,17
1476:5,6,6,6,7,7,7,10,10,11,11,11,11,14,14,14,16,17
1477:1,1,1,1,1,1,1,6,6,10,11,11,11,11,12,16,17,18,18
1478:16,16
1479:1,5,5,6,6,6,6,6,6,6,6,13,16,16,16,17,17,17,17,17,17,17,17
1480:6,6,16,16,16,17
1481:16,16
1482:1,1,1,5,5,6,6,6,6,6,6,6,6,6,6,7,7,7,7,16,16,16,16,17,17
1483:1,1,7,7,10,16,16,16,16
1484:4,4,6,6,9,16
1485:5,5,6,6,6,6,6,6,13,13,13,13,13,14,16,16,16,16,16,16,17,17,17,17,17
1486:16
1487:1,3
1488:1,5,6,6,6,6,6,11,16,16,16,16,17,17,17,17,17,17,17,17,18,18,18,18
1489:6,6,16,16,17
1490:6,8
1491:6,16,16,17,17
1492:6,15
1493:1,1,1,1,1,1,1,1,1,1,1,6,6,6,6,6,6,6,6,6,6,6,6,6,6,6,6,6,6,6,6,6,7,10,15,15,15,15,15,15,15,15,15,15,15,15,15,15,15,15,15,15,16,16,16,16,16,16,16,16,16,16,16,17,17,17,17,17,17,17,17,17,18,18
1494:1,1,6,6,6,6,7,10,10,10,10,10,14,16,17,17,17
1495:15,16,16,17,17,18,18
1496:17
1497:7,7,7
1498:1,1,1,1,1,5,6,6,6,6,6,6,6,11,11,14,14,17
1499:4,8,9,9,9
1500:6,7,7,10,10
1501:1,16,17,17
1502:1,6,6,14,17,17,17
1503:4,4,8,8,8,8,9
1504:4,4,4,4,8,8,8,8,8,8,8,8,8,8,8,8,8,8
1505:10
1506:15
1507:7,10,12,12,12
1508:1,7,7,11,11,11,15,18,18
1509:1,5,6,6,16,16,16,16,17,17,17,17,17,18
1510:1,6,10,10,16,16,16,16,16,17
1511:6,6,10,14,17
1512:1,1,3,7,9,14,14,15,15
1513:1,7,7,11,11,11
1514:8,10
1515:5,13,16,16,17,17
1516:17
1517:5,5,5,15,15,15,15,17,17
1518:17
1519:6
1520:1,6,10,16,16
1521:4,12,12,12,12,12,12,12
1522:4,8,9
1523:6,6,6,6,6,6,6,6,6,6,6,6,6,6,6,6,6,6,6,6,6,16,16,16,16,16,16,16,16,16,16,16,16,16,16,16,16,16,16,16,16,16,16,16,16,16,16,16,16,16,17,17,17,17,17,17,17,17,17,17,17,17,17,17,17,17,17,17,17,17,17,17,17,17
1524:17
1525:13,16
1526:8,10
1527:17
1528:15
1529:1,1,1,2,6,6,7,8,8,10,10,14,18
1530:9,9,17
1531:5,6,17
1532:9,9,9,17
1533:2,2,8,8,8,10,15,15,18,18,18,18
1534:6,6,6
1535:15,15,15,15,15,15,15,15,15,15,15,15,15
1536:7,9,10
1537:9,9,9,9,9,9,9
1538:8,8,9
1539:1,6,15,16,16,17,18
1540:16,17
1541:1,15
1542:10,17
1543:9,9
1544:9
1545:13,13,13,13,13,13,13,13,13,13,13,13,13,13,13,13,13,13,13,13,13,13,13,13,13,13,16,16,16,17,17
1546:6,6
1547:7,7,10,10,10,12,12,12,14
1548:1,1,5,5,6,13,13,14,17
1549:4,9,9
1550:9,12
1551:1,5,5,6,6,16,17
1552:5,6,6,12,12,13,16,17
1553:9,9,10,12,12
1554:6,6
1555:1,4,4,4,4,8,8,9,9,9
1556:11,11,12,12,12,12,14
1557:10
1558:15
1559:3,3,9,9,9
1560:1,1,1,1,1,1,1,2,2,3,3,3,3,4,6,6,7,7,7,7,7,7,8,8,10,10,10,10,10,11,11,11,15,15,15,15,15,15,15,15,15,15,15,15,15,15,15,15,15,15,15,15,16,17,18,18,18,18,18,18,18,18,18,18
1561:9,9,9,9,9
1562:3,15
1563:3,3,3,3,15,15
1564:3,3,3,15,15
1565:15
1566:1,1,1,1,1,15,15
1567:3,15,15
1568:9,9,12
1569:15,15,18
1570:1,7,7,7,11,15,15,15,15,15,15
1571:4,7,7,7,7,10,10,11,11,11,11,11,11,12,12,12,12,12,12,12,14,14
1572:9,9
1573:7,11,14
1574:9,11,15,15,15,15,15,15,15,15,15,15
1575:8,8,8,8,9
1576:7,14
1577:7,11,11
1578:15
1579:15
1580:3,15
1581:7
1582:17
1583:9,9
1584:7,11,14
1585:7
1586:3,3,3,15,15,15,15,15,15,15
1587:3,15
1588:15
1589:5,13,13,17
1590:2,13,14,16
1591:9,9
1592:15
1593:4,7,11,12,14
1594:9
1595:4,8,12,12,12,12
1596:3,8,8,12,12,12,12
1597:9,9
1598:9
1599:7,7,12,16
1600:9,9
1601:9,9,9
1602:9,9,9
1603:9,9,9,16
1604:9,9
1605:9,12,15
1606:9,9,9,9,9,9
1607:4,4,4,9
1608:12,14
1609:7,7,7,7,8,9
1610:4,4,8,8,11,12,12
1611:1,5,6,6,6,16
1612:9,9,9
1613:10
1614:10,12
1615:4,8,10,12
1616:7
1617:10,12
1618:13,13
1619:10
1620:6,6,6,16,16,17
1621:9,9,9
1622:9,9
1623:9
1624:9,9
1625:9,9
1626:9
1627:15
1628:9
1629:15
1630:6,6,16,17
1631:11,11
1632:15
1633:15,18
1634:12,15,15,15,18
1635:6
1636:1,7,15,15
1637:6,7,17,18
1638:6,7
1639:10,17,18
1640:1,12,15,17,18,18,19
1641:9
1642:16,16,18,18,18
1643:7,7,8,8,11,11,11,12,12,12,12,14
1644:1,7,9,15
1645:16,17
1646:1,11,14
1647:15,15,15
1648:6,17
1649:16,17,17
1650:2,2,2,2,2,2,2,2,2,2,9
1651:2,2,9,9,9,9
1652:9,9,12
1653:7
1654:9,9
1655:6,9,16,16
1656:9,9,9,9
1657:9,9,17
1658:8,9
1659:9,9
1660:6,6,6,7,7,7,10,10,10,10,10,11,14,14,16,16,17,17
1661:9,9,9
1662:9,9
1663:8,9
1664:8,9
1665:7,11,15
1666:15,15
1667:1,3,3
1668:15
1669:15
1670:1,3,9,11,15,15
1671:6
1672:1,7,7,7,7,7,7,7,7,7,10,15,15,15,15,18,18,18,18
1673:1,1,7,10,15,15,15,15,15,18
1674:3,3,3,3,15
1675:3,15
1676:3,3,10,15,18
1677:7,14,15,15
1678:15
1679:15
1680:1,1,1,7,10,11,11,11,12
1681:15,15,15
1682:15
1683:1
1684:15
1685:15
1686:6,16,17
1687:4,10,12
1688:17
1689:9,9
1690:17,17,17
1691:9
1692:6,6
1693:6
1694:13,13,17
1695:10,14
1696:9,9
1697:1,3,3,15,15,15,15
1698:5,6,6
1699:17
1700:1,15,15,15,17
1701:9
1702:9
1703:9
1704:9
1705:7,7,8
1706:4,4,8,9
1707:8,8,8,8,8,8,9,13
1708:7,8,10,11,11,11,14
1709:4,8,8,10,11,11
1710:15
1711:8,9,9
1712:8,8,8,8,8,8,8,8,8,8,10,11
1713:9,9
1714:6,6,10,16,16,17,17,17,18
1715:11,11,11,11,11,11,11,11
1716:11
1717:8,8,8,8,8,10,10,10,10,10,10
1718:7,12
1719:11,11,11,11,11,11,11
1720:7,8,8,8,8,9,10,12
1721:8,8,8,11,12,18,18
1722:6,10,15
1723:6,7,9,9,10,10,11,11,12,12,12,12
1724:5,17
1725:9,9
1726:6,6,13,13,16,16,16,17,17
1727:1,13,16,17
1728:16,16,16,16,16,17,17,17
1729:4,5,6,6,7,7,7,9,10,11,12,12,12,12,12,16,17,18,18,18,18
1730:2,2,2,2,8,9,9,9
1731:15
1732:9,9
1733:7,14,14
1734:7,11,11,12
1735:4,4,10,12
1736:1,1,3,10,15,15,15,15,15,15,15,15,15,15,15,15,15,18,18,18
1737:15
1738:1,1,1,6,15,15,15,15,15
1739:3,3,3,15
1740:15
1741:1,3,3,3,6,15,15,15,15,15,15,15,15,16,17
1742:15
1743:1,1,3,3,3,15,15,15,15,15,15,15,15,15,15
1744:15
1745:8,9,15,15
1746:9,9
1747:15
1748:9,9
1749:1,15,15,15,15,15,15,15,15,15,15,15,15,15,15,15,15,15,15,15
1750:15,15,15,15
1751:1
1752:1,1,3,15,15,15
1753:15,15
1754:15
1755:15
1756:9,9
1757:9,9,9
1758:17
1759:16
1760:13,16,16
1761:14
1762:6,13,16,17
1763:1,9,15,15
1764:1,6
1765:15
1766:17
1767:13,16
1768:13,16
1769:6,6,6,16,16
1770:6,16,16,16,16
1771:6,6,16,16
1772:1,13,13,17,18
1773:7,7,10,10,10
1774:15,15
1775:15,16,16,17
1776:1,5,5,5,6,6,6,6,6,7,7,11,11,11,11,14,16
1777:1,5,5,6,6,6,6,7,11,14,16
1778:7,10,15
1779:1,10
1780:8,8,10
1781:10
1782:7,8,8,10,10,10,11,14,18,18
1783:10,11,11,16,16,17,18,18
1784:1
1785:10,10
1786:7,10,10,12,14,14,16
1787:1,15,15,15
1788:6,17
1789:6,6,6,7,7,14,15
1790:10,14
1791:17,17,17
1792:14,16
1793:4,10
1794:15
1795:17
1796:17
1797:10,10
1798:13,17
1799:10,10,10,17
1800:6,6,6,6,6,6,6,6,6,6,13,13,13,13,13,13,13,13,13,14,16,16,16,16,16,16,16,16,17,17,17,17,17,17,17,17,17,17,17,17,18
1801:13,13,13,13,13,13,13,13,13,13,16,17,17
1802:15
1803:1,1,1,1,1,1,1,1,3,3,15,15,15,15,15,15,15,15,15,15,15,15,15,15,15,15,15
1804:1,1,5,6,7,10,11,11,16
1805:15
1806:1,1,6,6,6,6,6,11,11,11,16
1807:17,17
1808:16,16,17,17
1809:15
1810:10,14
1811:8,10,10
1812:15
1813:6,6,16,16,16,16,16,17,17
1814:16,17
1815:11,11,11,11,12,14,18
1816:1,1,1,1,1,1,1,10,15,15,15,15,15,15,18,18
1817:15,18
1818:1,1,6,16,17
1819:6
1820:1,7,7,11,11,12,12
1821:10,16
1822:11,12,16,16,17
1823:1
1824:6,6,17
1825:1,1,1,1,1,1,6,6,6,6,6,6,6,6,6,6,10,12,16,17,17,18
1826:11,15
1827:15
1828:7
1829:6,15,17
1830:15,15
1831:1,5,5,5,6,6,6,6,16,17
1832:1,1,1,6,6,13,16,16,16,17,17,17,17,17,17,17,17,17
1833:1,1,3,3,4,7,8,8,8,8,8,8,10,12,14,15,15,15,15,18
1834:6,6,13,16,17,17,17,17
1835:15,16,17
1836:1,1,6,6,6,6,16,16,16,17,17
1837:5,5,5,5,6,6,6,6,6,6,6,6,6,13,13,13,13,16,16,16,16,16,16
1838:6
1839:1,6,6,13
1840:16
1841:10
1842:10,13,14,14
1843:6,6,6,13,16,16,16
1844:15,15
1845:1,6,7,7,9,13,13,14,14,14,14,15,15,16,18,18,18,18
1846:4,5,5,7,7,9,10,12,13,13,13,13,13,13,13,13,13,13,13,13,13,13,16
1847:9
1848:17
1849:16,17
1850:6,13,16,18
1851:17
1852:10
1853:17
1854:1,15
1855:10,16
1856:6
1857:16,16,17
1858:6,17,17,17,17
1859:6,6,6,10,13,16,16,16,16,16,16,16,16,16,16,16,17,17,17,17,17,17
1860:15
1861:17
1862:15
1863:6,7,7,14,14,15,15,18,18
1864:1,6,9,9,13,13,13,13,13,13,16,16,16,17,17,17,17
1865:3,15
1866:15,15
1867:15
1868:10
1869:10,15
1870:6,16
1871:6,6
1872:1,6,6,6,6,16,16
1873:2,2,2,2,4,14,14
1874:10,10
1875:9
1876:10,10
1877:7,7,8,8,10,10,14,15
1878:1,9,18
1879:11,11,11,11,11,11
1880:15
1881:7,7,7,8,10,11,14,14,17
1882:10,12
1883:1,5,6,6,6,6,7,13,13,13,13,17,17,17
1884:17
1885:10,14
1886:5,7,7,10,10,11,12
1887:10
1888:10,14
1889:17
1890:4,4,4,4,8,9,9
1891:4,4,4,4,4,8,8,10,10,10,11,11,11,11,11,11,12,12
1892:6,7,7,7,7,10,11,11,14,14,14
1893:1,7,7,7
1894:11,11,11
1895:11,14,14
1896:4,4,4,8,8,8,9
1897:15
1898:9
1899:9,9,9
1900:4,7,7,10,11,11,11,11,11,11
1901:7,10,10,11,14,14,18
1902:6,6,10,17
1903:11,12
1904:15
1905:15
1906:5,6,17,17,17,18
1907:17
1908:1,5,5,6,6,6,6,17,17,17,17
1909:15,15
1910:17
1911:6,6,17,18,18
1912:1,3,15,15,15,15,15,15
1913:9
1914:7,10,10,10
1915:12,15
1916:9
1917:1,1,5,5,6,6,6,6,6,6,6,6,6,16,16,16,16,16,16,17,17,17,17,17,17,17,17,17,17,17,17,17,17,17,17
1918:1,5,5,6,16,16,16,17,17,17,17,17,17,17,17,17
1919:1,5,16,16,16,17,17,18,18
1920:17
1921:6,16,17,17,17
1922:5,16,17,17,17
1923:6,13,13,16,16,17,17,17,17,17
1924:5,5,6,6,6,6,6,6,15,16,16,16,17,17,17,17,17,17,17,17,17,17,17,17,17,17,18
1925:13,13,13,16
1926:6,6,6,16,17,17
1927:5,16,16,17,17,17
1928:1,15,15,15,15
1929:5,5,6,6,7,7,12
1930:16,17
1931:16,17,17
1932:1,5,5,5,6,6,6,6,6,6,6,6,16,16,16,16,16,16,16,17,17,17,17,17,17,17,17,17,17,18
1933:13,13,13,13,13,13,13,13,13,13,16,17
1934:6,17
1935:6,6,16,16,16,16,16,17,17
1936:10,14
1937:15
1938:17
1939:1,6,7,16,16,16,18
1940:17
1941:15
1942:5,6,16,17,17
1943:6,6,6,16,16,17,17,17
1944:1,5,5,6,17
1945:6,6,7
1946:6,16,16,16
1947:5,6,6,16,16,16,17
1948:16,17
1949:1,1,1,3,3,9,15,15
1950:1,15,15,15
1951:17
1952:1,6
1953:17
1954:1,12,16,17
1955:16
1956:6,16,16,16,16,16,17,17,17,17
1957:6,13
1958:6,13,16,16,16,17,17,17,17
1959:1,1,5,6,6,16,17,17,17
1960:6,16,16,17
1961:6,17
1962:17
1963:16,16,17,17,17,17,17,17
1964:17,17
1965:16,16,17,17
1966:17
1967:17
1968:16
1969:10,16
1970:6,15,16
1971:5,6,6,16,16,16,16,16,16,16,16,17,17,17,17,17,17,17,17,17
1972:6,6,16,16,16,16,17,17
1973:6,7,10,10,12,16,16,17,17,17
1974:6,10,10,10,10,17
1975:5,6,6,6,6,17,17
1976:7,7,7,7,14
1977:1,16,16
1978:10,12
1979:10,10,12
1980:10,16
1981:8,8,15
1982:16,16,16,16,17,17
1983:1,1,1,1,6,6,7,7,7,7,10,10,10,10,10,10,10,10,10,10,10,10,10,10,10,12,12,12,13,14,14,16
1984:1,1,10,10,14
1985:10,10,14
1986:1,4,6,6,7,7,9,10,10,10,10,10,10,12,12,13,14,17
1987:7
1988:14,14
1989:15
1990:6,7,10,10,10,10,13,14,16,16,16,16,17
1991:1,10,11,17
1992:7,7
1993:16,17
1994:9,9
1995:6,10,14
1996:4,4,9,9
1997:13,13,13,13,13,13,13,13,16,17,18
1998:9,9
1999:5,6,6,6,13,13,13,16,16,17
2000:7,7,10,12,17
2001:15
2002:16,16,16,17,17,17,17
2003:1,5,6,6,6,6,6,6,6,6,6,13,13,16,16,16,16,16,16,16,16,16,16,16,16,16,16,16,16,16,16,16,16,16,16,16,16,16,17,17,17,17,17,17,17,17,17
2004:6,16,16,16,16,16,16,16,17,17,17
2005:6,16,16,16,16,16,17,17
2006:9
2007:1,6,6,16,17
2008:8,15
2009:17
2010:9,9
2011:16,17,17
2012:17
2013:1,5,5,5,5,6,6,6,6,6,6,6,6,6,6,7,11,11,12,13,13,13,13,13,13,13,14,14,16,16,16,16,16,16,17,17,17,17,17,17,17,17,17
2014:6,6,16,17
2015:1,1,1,1,15,15
2016:9
2017:7,10
2018:1,3,3,3,18,18,18,19
2019:9
2020:5,6,13,16,16,16,17
2021:1,1,1,1,1,1,5,5,5,6,6,6,6,6,6,6,6,15,16,16,17,18
2022:6,16,17
2023:5,5,6,6,16,16,17,17,17,17,17,17,17,17
2024:5,17
2025:6,16,16,16,16,17,17,17,18,18
2026:6,6,6,16,18
2027:17,17,17
2028:1,1,1,1,1,15,18
2029:1,5,6,6,6,6,16,16,16,16,16,16,16
2030:10
2031:5,6,6,16,17,17
2032:6,7,7,11,11
2033:17
2034:12,12
2035:5,16,16,17,17,17,17,17,17
2036:1,17,17
2037:17
2038:16,16,17
2039:17
2040:17
2041:16,16
2042:1,7,16,16,18,18,18,18
2043:6,6,17,17
2044:6,11,16
2045:5,6,6,6,16,16
2046:6,6
2047:1,6,6
2048:1,1,5,5,5,6,6,6,6,6,6,6,6,6,10,13,13,16,16,16,16,16,16,16,16,16,16,17,17,17,17,17,17,17,17,17
2049:15,15,15
2050:5,5,5,6,16,17,17
2051:16,17
2052:9,16,17
2053:10,10
2054:15
2055:1,6,15,15
2056:6,16,16,17,17,17,17,17
2057:1,6,12,13,13,13,13,13,13,13,13,13,13,13,13,13,13,13,13,16,16,16,16,17,17
2058:6,16,17,17,17,17
2059:16,17,17
2060:5,13
2061:6,16,16,17
2062:1,5,16,17
2063:1,15,15,17,17
2064:5,6,6,6,6,10,13,16,16,16,16,17
2065:17,17
2066:6,6,16,17
2067:1,4,5,6,6,6,6,7,7,10,10,10,10,10,10,10,10,10,10,10,10,10,10,10,12,12,12,12,14,14,14,14,14,14,17,17,17,17
2068:1,1,3,3,6,10,10,10,10,10,14,17
2069:5,6
2070:16,17,17
2071:1,7,7,7,10,10,10,10,11,12,12,12,12,12,12,12,12,14,14,17
2072:6,16,16,17
2073:6,17
2074:1,5,17
2075:1,6,17,17,17,17,17
2076:6,17,17
2077:17,17,17
2078:6,6,15,16,16,16,16,17,17,17,17
2079:16,17,17
2080:17
2081:1,3,6,15,17,18
2082:5,17
2083:15,15
2084:6,17,17,17
2085:6,17,17
2086:5,6,6,16,16,16,16,17
2087:6,16
2088:6,6,17
2089:6,6,17
2090:6,17
2091:16,16,17
2092:3,5,6,6,12,15,15,16,17,17,17,17,17
2093:3,5,5,6,15,15,15,15,15,16,17,17,17,17
2094:17
2095:6,6,10,13,16,16,17,17,17,17,17,17
2096:6,17,17,17
2097:1,5,7,10,11,11,12,14,14,16
2098:15
2099:1,1,1,1,3,5,10,15,15,15,15,18,18,18
2100:16,17,17
2101:1,5,5,6,6,6,6,6,6,6,6,6,6,6,10,10,13,13,13,13,13,13,16,16,16,16,16,16,16,16,16,16,16,16,16,16,16,16,16,16,16,16,16,17,17,17,17,17,17,17,17,17,17,17,17,17,17,17,17,17,17,17,17,18
2102:17
2103:5,6,13,13,16,16,16,17,17
2104:9
2105:13,16,16,16
2106:9,9
2107:9
2108:16,16
2109:13,13,13,13,13,13,13,13,17,18
2110:10
2111:9
2112:9
2113:15,15,15
2114:9,9,9,9,9
2115:1,1,6,6,6,6,7,11,11,12,14,16,16
2116:11,14,14
2117:9,9
2118:2,2,2,14,15,15,15,15,15,15,15
2119:10
2120:2,9
2121:6,17
2122:6,6,16,16,16,17,17,17,17,17
2123:16,17
2124:5,6,6,13
2125:5,6,6,6,6,6,16,16,16,16
2126:17
2127:5,5,16
2128:13,15,15,15,16,16,16,16,16,16,16,17,17,17,17,17,17
2129:1,1,1,1,1,7,13,13,16,16,16,17,17
2130:6,6
2131:1,6
2132:1,13,13,13,13
2133:15,18
2134:5,6,6
2135:1,1,1,5,6,6,13,16,17,17
2136:7
2137:10
2138:6
2139:1,16,17,17,17
2140:15,15,15
2141:17
2142:15
2143:1,5,6,16
2144:6,16,16,16,16,17
2145:6,16,17
2146:1,1,3,15,15,15,15,15,15,15,15
2147:1,6,16
2148:5,6,16,16,17
2149:16,17
2150:6,17
2151:5,7,7,10,10,10,12,14,16,16
2152:1,6
2153:6,6
2154:15,15,15
2155:15,15,15
2156:6,17,17
2157:1,6,6,6,16,16,17
2158:6,6
2159:1,1,6
2160:3,8,10,10,10,18
2161:17
2162:15
2163:1,5,9,13,13,13,13,13,13,13,13,13,13,13,13,13,13,13,13,13,13,13,13,13,13,13,13,13,13,13,13,13,16,16,16,16,16,16,16,16,17,17,17,17,17,17,17,17
2164:6,6,6,6,16,16,16,16,17,17,17
2165:7,7,7,7,12,12,14
2166:5,5,5,6,16,16,16,17,17,17
2167:1,4,4,6,8,8,8,10,15,15,15,18
2168:10
2169:10,10
2170:2,2,10
2171:7,10,11,12,14,14,14,17
2172:9,9,15
2173:16,17
2174:10,15,18,18
2175:1,7,8,10,10,10,14
2176:2,7,7,17
2177:1,5,6,6,6,9,13,13,13,16,16,16,17,17,17
2178:15
2179:1,1,2,5,5,5,5,6,6,6,6,6,6,6,7,7,7,7,7,8,10,10,10,10,10,10,11,12,13,13,13,13,14,14,16,16,16,16,16,16,17,17,17,17,17,17
2180:16,16,16,16
2181:7,7,7,8
2182:6
2183:6,6,7
2184:1,6,6
2185:6,6,6,11,16,17,17
2186:17
2187:17
2188:9,15
2189:1,7,9,10,10,10,10,12,12,15,15
2190:10,15
2191:4,10,12
2192:5,6,6,16
2193:9
2194:8,8,9,9
2195:10
2196:15
2197:15
2198:9,9
2199:15
2200:6,15,16,16
2201:1,3,15,15,18,18,18,18
2202:15
2203:15
2204:1,6,17
2205:10
2206:9,9,9
2207:15
2208:15
2209:15,18,18,18,18,18
2210:15
2211:1,3,3,6,15,15,15
2212:15
2213:5,6,16,16,17
2214:16
2215:17
2216:15,18
2217:15,15,15,15,15,15
2218:15
2219:15
2220:8,15,15,15,15,15,15,15
2221:17
2222:17
2223:7,10
2224:1,4,9,15
2225:15
2226:1,1,1,15,15,15,15,15,18,18,18
2227:15
2228:5,6,15,15,15,16
2229:7,12,12,13,13,15,18
2230:17
2231:15,15,15
2232:15
2233:17,17
2234:6,17
2235:5,5,6,6,6,6,6,6,6,6,6,6,6,6,6,6,6,6,6,6,6,6,6,6,6,6,6,6,10,13,13,13,13,13,13,13,13,15,16,16,16,16,16,16,16,16,16,16,16,16,16,16,16,16,16,16,16,16,16,16,16,16,16,16,16,16,16,16,16,16,16,17,17,17,17,17,17,17,17,17,17,17,17,17,17,17,17,17,17,17,17,17,17,17,17,17,17
2236:1,1,1,6,6,8,8,10,10,17,18,18,18
2237:6,6
2238:6,6,16,16,17,17,18
2239:4,5,6,7,8,10,13,16,16,16,16,16,16,17,17
2240:6,6,6,6,6,6,6,6,16,16,16,16,16,16,16,16,16,16,16,17,17,17,17,17,17,17,17
2241:16,17,17
2242:6,13,16
2243:16,17
2244:6,6,6,6,6,16,16,16,17
2245:6,6,16,16,16
2246:5,6,6,6
2247:16,17
2248:5,11,11,16,16
2249:6,6,16,16,16,16,16,16,16,17,17,17,18
2250:17
2251:16,16,17,17
2252:1,6,16,16,16
2253:6,16,16,16,17,17
2254:6,16,17,17,18
2255:6,6,6,6,13,13,16,16,16,16,16,16,16,16,16,16,17,17,17
2256:16,16,16,16,17,17
2257:6,13,13,13,16,16,16,16,16
2258:16,16,16,16,16,16,17
2259:15,15,17,17
2260:16,17
2261:6,17
2262:6,6,16,16,16,17
2263:6,16,16,17,17
2264:6,6,6,13,13,13,16,16,16,17,17,17,17
2265:6,16
2266:6,16,17
2267:6,6,17
2268:1,7,7,7,8,8,10,10,10,10,10,10
2269:1,6,7
2270:1,10,11
2271:1,1,1,15,15,15,15,15,15,15,15
2272:1,15,15
2273:1,1,7,15,15,15,15,15,15,15
2274:1,5,5,6,6,6,6,6,6,16,16,16,16,17,17,17,17
2275:1,1,5,5,5,6,6,6,6,6,6,6,6,6,6,7,7,12,16,16,16,17,17,17,17,17,17,17
2276:1
2277:1
2278:1,6,6,6,16,17
2279:1,1
2280:1,12,12,16,16,16,16
2281:1,15,18,18
2282:1
2283:1,10
2284:1,1,1,15
2285:1,1,1,1,5,6,13,13,15,15,17,18,18
2286:1,1,1,5,5,6,16,16,16,16,16,16,17,17,17,17,17,17,17,18,18,19
2287:1,6,6,6,18
2288:1,3,5,15,18
2289:1,1,2,15,15,15
2290:1
2291:1,1
2292:1,9,15
2293:1,1,3,3,3,15,15,15,15,15
2294:1,1,1,15,15,18
2295:1,1,1,1,15,15,15,15
2296:1,1,1,1,1,15,15,15,15,15,15,15,18
2297:1,10
2298:1,1,1,3,3,3,3,3,3,3,15,15,15,15,15,15,15,15,15,15,15,15,15,15,15,15,15,15,15,15
2299:1,1,5,6,6,6,13,16,16,16,16,16,17,17,17
2300:1,1,1,1,1,1,1,1,2,4,5,5,5,5,5,6,6,6,6,6,6,6,6,6,6,6,6,6,6,6,6,6,7,7,7,7,7,7,8,10,10,10,10,10,10,10,10,10,10,10,10,10,10,10,10,10,10,10,10,10,10,10,10,10,11,11,11,11,11,12,12,12,13,13,13,13,14,14,14,14,14,14,16,16,16,16,16,16,16,16,16,16,16,16,16,16,16,16,16,16,16,17,17,17,17,17,17,17,17,17,17,17,17,17,17,17,17,17,17,17,17,17,17,17,17,17,18,18
2301:1
2302:1,6,9,10,15
2303:1,13,13,13,13,13
2304:1,5,5,5,6,6
2305:1,1
2306:1,13
2307:1,7,11
2308:1,15
2309:1,5,6,6,16,17
2310:1,1,5,6,6,6,6,6,6,13,13,13,13,13,13,16,16,17,17,17,17,17,17,17,17,17
2311:1
2312:1,17
2313:1,1,5,6,7,7,11,11,11,11,11,11,11,11,11,11,11,11,16,16,16,16,17,17,17
2314:1,1,1,8,8
2315:1,15
2316:1,1,1,1,6,6,6,6,6,6,6,16,16,16,16,17,17,17,17,17,17,17
2317:1,6,7,7,7,7,10,11,12,16,17
2318:1,5,6,6,6,6,16,17,17,17
2319:1,6,6,6,6,16,17,17,17
2320:1,6,6,17
2321:1,6,6,6
2322:1,15
2323:1,1,6,6,6,6,6,6,13,13,13,13,13,13,13,13,13,16,16,16,16,16,16,16,17,17,17,17,17,17,17,17,17,17,17,18,18
2324:1,16
2325:1,10,12,12,12
2326:1,5,13,13,13,17,17,17
2327:1,1,1,3,15,15,15,15,15,15,15,15,15
2328:1
2329:1,1,6,15,16,17,18
2330:1,1,15,15,15,17
2331:1,15
2332:1,1
2333:1,1,1,15,15
2334:1,1
2335:1,1,1
2336:1,15,15,15,15,15,17
2337:1,1,1,4,7,7,8,8,8,9,10,10,15
2338:1,1,1,18,18
2339:1,6,6,6,16,17,17,17
2340:1,1,6,6,6,16,17,17
2341:1,6,6,6,6,6,6,6,6,6,15,16,16,16,16,16,16,16,16,16,17,17,17,17,17,17,17,18,18
2342:1
2343:1
2344:1,6,6,6,17
2345:1,7,7,7,11,11,11
2346:1
2347:1,14,17
2348:1,7
2349:1,1,6
2350:1,1,5,6
2351:1,1,1,6,10,17
2352:1,1,6,17
2353:1,4,7,8,15,15,15,15,15,15,15,15,15,15,15,15
2354:1,15,15,15,15,15,15,15
2355:1,1,1,1,1,6,8,8,11,15,15,15,15,15,15,15,15,15,15,15
2356:1,3,3,3,3,15,15,15,15
2357:1
2358:1,15,15
2359:1
2360:1,5,6
2361:1
2362:1,18,18
2363:1,5,6,6,15,15,15,16,17
2364:1
2365:1,6
2366:1,7,10,10,14,14
2367:1,1,6,6,6,17,17,17,17,18
2368:1,6,6,6,16,16,16,16,16,17,17,17,17
2369:1
2370:1,15,18
2371:1,15
2372:1,5,10
2373:1
2374:1,5,17,17,17
2375:1,7,7,7,10,10,15,15,15,15,15,15,18,18
2376:1,1,1,1,5,5,5,5,6,6,6,6,6,6,6,16,16,16,17,17,18
2377:1
2378:1,6,6,6,13
2379:1
2380:1,7
2381:1,1,5,5,5
2382:1,1,1,1,5,6,6,6,15
2383:1,6,9,16,17
2384:1,6,17
2385:1,1
2386:1,15,15
2387:1,6
2388:1,17
2389:1,15
2390:1,1,15,15
2391:1
2392:1,6,6,7,8,18
2393:1,6,6,18,18,18
2394:1,7
2395:1,1,1,1,3,8,15,15,15,15,15
2396:1
2397:1,4
2398:1,17
2399:1,6,10,10,10,10,11,18
2400:1,2,7,12,14,15,18
2401:1,6,6,16,17
2402:1,6,16,17
2403:1,5,10
2404:1,15,15,18
2405:1,15,15,15
2406:1,16,16,16,17,17,17,17
2407:1,13,13,13,13,16,16,16,17,17,17
2408:1,1,1,7,11,11,15,15,19
2409:1,1,6
2410:1,5,5,6,6,6,6,6,6,6,6,6,6,6,6,6,6,10,10,16,16,16,16,16,16,16,16,16,16,17,17,17,17,17,17,17,17,17,17,17
2411:1
2412:1
2413:1,15
2414:1,1,1,15
2415:1,6,6,17
2416:1,3,3,3,15
2417:1,1,5,5,5,6,6,6,7,7,10,10,10,10,11,12,12,12,12,14,14,16,17,17
2418:1,6,12,12,16,16,17,17,18
2419:1,8,9
2420:1,1,15
2421:1,6,6,6,6,16
2422:1,6,17
2423:1,3,15,15,15
2424:1,3,3,3,3,3,3,3,3,15,15,15,15,15,15,15,15,15,15,15
2425:1,1,7
2426:1,7,7,10,10,10,18
2427:1
2428:1,6,6,6,6,6,18
2429:1,15
2430:1,6,13,16,17,17,17,17
2431:1,15
2432:1,5,5,5,6,6,6,6,6,6,16,16
2433:1,15
2434:1,6,13,16,16,17,17,17,18,18,18,18
2435:1,6,6,6,16,16,16,16,16,16,16,16,16,16,17,17,17
2436:1,1,3,3,3,3,3,15,15,15,15,15,15,15
2437:1,3,15,15,15,15,15,15
2438:1,3,15,15,15,15,15,15
2439:1,6,7,14
2440:1,11,15
2441:1,1,3,3,3,15,15,15,15,19
2442:1,10,15
2443:1
2444:1,15,15,15,15,15
2445:1,15
2446:1,1,7,11
2447:1,4,7,15,15,18
2448:1,8,15
2449:1,5,5,6,6,6,6,6,6,6,6,13,13,16,16,17,17,17
2450:1
2451:1,18
2452:1,5,6,6,14
2453:1,6,6,16,17
2454:1,6,6,10,16,16,17
2455:1,5,6,6,6,6,13,16,16,17
2456:1,15,17
2457:1,15,15
2458:1,2,2,15
2459:1,11,15
2460:1,7,15,18,18
2461:15,15,15
2462:15
2463:1,15,18
2464:1,3,7,7
2465:1,15,15
2466:1,15
2467:1,15
2468:1,3
2469:1,3
2470:1,15
2471:1
2472:6,7,10,10,10,12,12,12,12,13,13,14
2473:6,6,6,10,13,16,17
2474:10,10,13
2475:10
2476:6,6,6,10,10,12,14,16,17
2477:4,7,7,12,12,14
2478:6,17
2479:10
2480:8,10,14
2481:15
2482:15
2483:15
2484:16
2485:2,15
2486:10,14,15
2487:15
2488:10
2489:3,3
2490:3,3,3
2491:6,11,16,16
2492:9,9,15
2493:15
2494:15
2495:6,6,6,6,6,6,16,16,16,16,16,16,16,16,17,17,17,17,17,17,17
2496:6,7,7,8
2497:15
2498:15,15
2499:3,3,3,15,15,15,15
2500:3,3,15,15,15
2501:15,15,15
2502:15
2503:15,15,15,15,15,15,15,15,15
2504:3,3,9
2505:3,3,3,15
2506:6,6,15
2507:6,15,15,15,15,15,15,15,17,17
2508:15,15,15
2509:3,15,18
2510:15,15
2511:3,9,15,15,15,15,15,15,15,15,18
2512:15,15,15,15,15,15,15,15,15,15
2513:15,15,15,15,15
2514:15
2515:15
2516:15
2517:15
2518:9
2519:6,7,9,13,15,15,18
2520:16
2521:6,16,16,16,16,17,17,17
2522:15
2523:16,17
2524:6,6,16
2525:6,17
2526:6,6,6,16,16,16,16,16,16,17,17
2527:5,10,17,17
2528:16,17
2529:15
2530:17
2531:13,13,13,13,17
2532:5,6,16,17
2533:11,11,16
2534:10
2535:13,13,17
2536:15
2537:9
2538:15
2539:9,15
2540:9
2541:9
2542:15
2543:10,14,14
2544:15
2545:9
2546:9,9
2547:15,15
2548:15,15,15,15,15
2549:15,15
2550:15
2551:15
2552:6,6,6,6,6,10,10,13,13,13,16,16,16,16,17,17,17,17,17,17
2553:8,8,8,8,8,8,15
2554:8,15
2555:8,8,10,10,14
2556:7,8,8,8,8,8,8,8,8,8,8,8,8,8,8,8,8,8,8,9,15,15
2557:8,9,9
2558:8,8,8,8,8,10,10,10,10,14
2559:7,7,8,8,8,10,10,10,10,10,10,10,10,14,14
2560:5,6,6,6,6,6,13,13,16,16,16,16,16,16,17
2561:17
2562:16,16,16
2563:16,16
2564:6,6,13,17
2565:16
2566:2,15,15,16
2567:17
2568:6,6,6,6,15,16,17
2569:16,17,17
2570:6,16,17
2571:16
2572:16,16,17,17,17
2573:16,16,17
2574:6,6
2575:6,15,16,16,16,16,17
2576:6,16,17
2577:15
2578:16
2579:6,16,17,17
2580:10
2581:15
2582:6,16,16,16,16,16,17
2583:13,13,17
2584:17
2585:2,2,2,2,2,9
2586:6,6,6,6,6,7,10,10,10,12,12,14,14,16,16,16,17,17,17
2587:6
2588:10,12
2589:17,17
2590:15
2591:7,7,11
2592:11,16
2593:10
2594:15
2595:16,16,16,17,17,17,17
2596:15
2597:10,16,16
2598:7,9,10,12,14
2599:10,10,14
2600:11,11,11,11
2601:15
2602:6,6,7,7,7,7,7,10,10,10,10,10,10,10,10,10,10,13,13,17
2603:6,6,17
2604:6,16,16,16
2605:5,6,6,16,16
2606:17
2607:15,15
2608:15
2609:9,9
2610:7,7,10
2611:9,9
2612:9,9
2613:7,11,12
2614:15
2615:15
2616:16
2617:16,17,17,17,17
2618:17
2619:15
2620:15
2621:7,14
2622:6,12,12,12,12
2623:6,7,10,14
2624:7,7,10,10,14,14
2625:17
2626:10
2627:15
2628:10,10
2629:5,6,6,17,17
2630:17
2631:10,10,14,18
2632:15
2633:15
2634:17
2635:6,16,17,17,18
2636:15,18
2637:17
2638:13,13,13
2639:6,10,11,14
2640:13,13,13,13,17,17
2641:15
2642:7,7,8,10,10,10,10,14,18
2643:15,15,15,15
2644:3,3
2645:2,10
2646:2,8,9
2647:2,2,8,15
2648:4,8,8,8,8,8,9,9,9,9
2649:7,7,10
2650:9,9
2651:10,10
2652:2,2,10
2653:2,9
2654:6
2655:8,8,8,10
2656:15
2657:17
2658:9,9
2659:10,18
2660:9
2661:6,6,6,6,6,16,16,17,17
2662:4,4,7,8,10,10,11,12
2663:5,6,6,6,16
2664:9
2665:3,15
2666:5,6,6,6,7,10,10,11,16
2667:5,6,7,10,11
2668:6,6,6,6,16,16,17,17
2669:6,6,6
2670:5,6,6,16,16,17,17,17
2671:6,16,17
2672:17,17
2673:6,6
2674:17
2675:16,17,17
2676:15
2677:10
2678:6,14,14
2679:6,6,6,6,16,17,17,18
2680:6,16,16,16,17
2681:6,6,16,17
2682:15
2683:6,6,16,16,16,17
2684:6,16
2685:6,6,6,6,6,17
2686:6,10,10,10,11,11,11,11,11,11,11,12,12,17,17
2687:6,6,7,10
2688:6
2689:17
2690:6
2691:6,11,17,17
2692:17
2693:6,6,16
2694:6,16,17
2695:6,17
2696:15,15,15,15
2697:5,6,16,17
2698:5,5,6,6,6,6,16,17,17
2699:6,7,10,10,11,16
2700:17
2701:10
2702:10
2703:7,7,7,11,12,12
2704:17
2705:5,6,6,16,16
2706:6,10,10,16,16,16,17
2707:6,11,12,12,15
2708:6,10,12
2709:6,6,6,15,16,16
2710:7,7,10,10,11,14,17,17
2711:7,8
2712:10
2713:10,11,14
2714:15
2715:15
2716:17
2717:17
2718:17
2719:17
2720:17,17
2721:5,6,6,6,6,6,6,6,13,16,16,16,16,16,16,17,17
2722:16,16,17,17
2723:17
2724:16,17
2725:6,17,17
2726:5,6,17,17
2727:6,6
2728:5,5,6,6,6,6,16,16,17,17,17,17
2729:5,5,5,6,6,13,13,16,16,16,16,17,17,17
2730:5,6,16,17,17
2731:6,16
2732:6,6,6,13,13,13,13,16,16,16,16,17,17,17,17,17,17,18
2733:5,16
2734:5,15
2735:6,6,6,13,13,16,16,16,16
2736:5,13,16,16,17
2737:6,16,16
2738:5,13,16
2739:5,5,6,6,6,6,16,16,17,17,17,17
2740:6,13,16
2741:5,16
2742:16,16,16,16,17,17,18
2743:6
2744:6,17
2745:16,17,17,17
2746:6,17
2747:9
2748:15,15
2749:17,17,18
2750:10
2751:17
2752:9
2753:10,14,15
2754:13,17,17
2755:6,16,17
2756:6,13
2757:17,17
2758:16,16
2759:16
2760:15
2761:16,17
2762:15
2763:15,18
2764:6,6,16,16,17,17,17,17,18,18
2765:17,17,18
2766:16,16
2767:17
2768:5,5,6,6
2769:13,13,13,16,16,16,16,16,17,17,17,17
2770:3,3,3,3,3
2771:15,15
2772:5,6
2773:15,15
2774:15
2775:6,6,16
2776:15,18
2777:9,9
2778:15
2779:16,17
2780:16
2781:6,6,16,17
2782:17
2783:15,15,15,15,15
2784:15
2785:6,6
2786:6,17
2787:10,10,10,14
2788:15
2789:15,17
2790:3,3,3,3,3,3,15,15,15,15
2791:6,16,17,17,18,18
2792:8,10,14
2793:16,17
2794:15
2795:16,17
2796:3,3,12,15
2797:3,3,15
2798:16,16,17
2799:8,15,15,15,15
2800:6,6,6,6,6,6,16,16,17,17
2801:15
2802:3,3,3,15,15,15
2803:17
2804:15,18,18
2805:15
2806:10,14
2807:7,12
2808:6,6,6,6,6,6,16,17,17
2809:3,3,3,3,15,15,15
2810:10,12,12
2811:7
2812:10
2813:10
2814:7,7,10,10,10,10,10,10
2815:7,18
2816:7
2817:10
2818:6,6,6,17,17
2819:6,16,16,16,16,17
2820:10
2821:6,17
2822:5,6,12,16,17
2823:7,11
2824:10
2825:7,10,12,12
2826:10,10
2827:5,6,15
2828:4,9
2829:15,15
2830:8,15
2831:9
2832:7,11,12
2833:6,6
2834:11,12,12,12
2835:6,7
2836:6,17
2837:6,16,16
2838:9
2839:6,7,14
2840:9
2841:15
2842:3,15
2843:15
2844:5,5,10,16
2845:6
2846:16
2847:6
2848:10
2849:10
2850:15,15
2851:16,16
2852:9,9,9
2853:9,15
2854:15
2855:9
2856:4,9,9
2857:12,14
2858:9,9
2859:9,9
2860:9
2861:9,9
2862:9
2863:9,9
2864:9,9
2865:9
2866:9,9
2867:9,9,9,9,9
2868:17
2869:9
2870:7
2871:5,6,17
2872:9,9
2873:15
2874:7,7,10,10,10,15
2875:15,15,15,15,15
2876:3,3,3,3,15,15
2877:3
2878:15
2879:15
2880:3,3,3,15
2881:3,15
2882:3,15
2883:3,3,3,15,15
2884:3,15,15
2885:3,15,15,15,15,15,15,15,15,15
2886:3,3,15
2887:3,15,15,15
2888:3,15
2889:3,4,4,15,15,15,15
2890:3,15,15
2891:3,15,15
2892:3,15
2893:3,15
2894:4,10,10,12
2895:4,4,10,10,11,12,12
2896:17
2897:4,4,8,8,8,8,8
2898:4,4,8,10
2899:4,10,10,15
2900:4,9
2901:4,4,4,7,8,8,8,14
2902:4,4,8,10,10,10,10,12,12,12,15
2903:4,7
2904:4,4,4,7,10
2905:4,4,10,10,10,10,10,10,11,12,12
2906:4,9
2907:4,12,14
2908:4,8,10
2909:4,11,11,11
2910:4,7,7,7,10,14,14
2911:4,7,9,10,12
2912:4,8,10
2913:4,7,8,10
2914:16
2915:9,10,11,17
2916:16
2917:9
2918:10
2919:15
2920:6,16,16
2921:10,10
2922:5,13,17,17
2923:5,17,17
2924:5,6,6,6,6,10,16,16,16,17,17,17,17,17,17,18
2925:5,6,17
2926:5,6,16,17,17,17,17
2927:5,6,16
2928:5,16,17,17,17
2929:5,17
2930:5,17
2931:5,5,10,16,16,16,17,17,17,17
2932:5,8,10,13,16,16,16,16,16,16,17
2933:5,6,6,7,7,11,12,14,16
2934:5,13,16,16,16,16
2935:5,6,6,10,11,13,16,16,17,17,17
2936:5,16
2937:5,6,6,16,16
2938:5,6
2939:5,5,5,6,6,6,6,6,6,7,16,16,16,17,17
2940:5,16,17
2941:15
2942:5,15
2943:5,6,16,16
2944:5,5,17
2945:5,16,16,16
2946:5,6,10
2947:5,6,7,10,14
2948:5,16,17,17
2949:5,6,6,6,10,17,17
2950:5,6,6,16,17,18,18
2951:5,6,6,6,10,15,15,16,16,16,16,17,17,17,17,18,18,18,18,18
2952:5,16,17,17
2953:6
2954:6,6,6,17,17
2955:6,16,16,17,17
2956:13,13,16,17,17
2957:6,6
2958:15,15
2959:16
2960:6,16,16
2961:15
2962:6,16
2963:9,9,12
2964:15
2965:17
2966:6,8,11
2967:15
2968:10
2969:6,6
2970:6,6,6,16,16,16,16,16,16,17,17,17
2971:16,17,17,17
2972:6,6,10,16,17,17
2973:6,17
2974:15,15,15,15,15,15
2975:15
2976:15
2977:10,15
2978:12,12
2979:15
2980:15
2981:15
2982:10,10,10,13,18,18
2983:9
2984:17
2985:7,7
2986:7,7
2987:15
2988:7,11
2989:17,17
2990:9,10
2991:15
2992:7,7,7
2993:15
2994:17,17
2995:7,10,12
2996:6,6,16
2997:9
2998:7,7,10,10,10,10,10,10,16
2999:7
3000:9,9
3001:6,17,17
3002:17
3003:6,17
3004:15
3005:10
3006:10
3007:12,12,12
3008:6,16,17
3009:7,15
3010:9
3011:7
3012:6,7,7,14
3013:10,14
3014:16,16,17
3015:16
3016:16,17,17
3017:16
3018:13,13,16,17
3019:15
3020:6,6,6,6,16,17,17,17
3021:17
3022:16,17
3023:7
3024:7,7,7
3025:11,11,14
3026:10
3027:13,16,17
3028:6,16
3029:16
3030:7,7,10
3031:17
3032:9
3033:15,15
3034:17
3035:15,15
3036:13,16
3037:16
3038:15,16
3039:16,17
3040:15,15
3041:9
3042:15
3043:17
3044:10,10,10
3045:15
3046:15
3047:15,15
3048:16
3049:6
3050:16
3051:10,10,10,10,10
3052:10
3053:10,14
3054:7,7,10,14,14
3055:7,14
3056:15
3057:10,11
3058:17
3059:6
3060:6,6,17,17
3061:6,15,15
3062:16,17,17
3063:13,16,16,16,16,17,17
3064:16,17
3065:15,15,15
3066:15,15,15,15
3067:15
3068:15
3069:7
3070:9
3071:16,17
3072:9
3073:10
3074:17
3075:16,16
3076:15,15,15,15,15,15
3077:15
3078:15
3079:15
3080:15
3081:7,10,10,12,14,14,15
3082:17
3083:7,8,10
3084:6,6,13,16,16,16,16,17,17
3085:15,15
3086:15
3087:15
3088:15,15
3089:9
3090:10,16
3091:15
3092:6,6,16,16
3093:10,15,17,19
3094:15
3095:14,15
3096:9
3097:17
3098:16,16,17
3099:7,15
3100:7,14
3101:10
3102:6
3103:6,6
3104:17
3105:15
3106:8,8,10,14
3107:9
3108:15
3109:9,9
3110:15
3111:8,9,10,15
3112:11
3113:6,16,18
3114:17,17
3115:7,14
3116:17
3117:16
3118:6,16,16,16,17
3119:6,10
3120:6,6
3121:6
3122:6,6,16,16,16,16,16,16,17,17,17,17,17,17
3123:6,6,6,17
3124:6,6,7,17
3125:6,16
3126:6,6,6,6,6,16,16,17,18
3127:6,6,16,16,17
3128:6,6,6,6,13,13,16
3129:6,16
3130:6,17
3131:6,6,6,6,6,6,6,6,10,10,13,13,13,16,16,16,16,16,16,16,16,17,17,17,17,17
3132:6,6,10,13,13,13,16,16,17,17
3133:6,6,6,16
3134:6,17
3135:6,16,17,17
3136:6,14
3137:6,6
3138:6,6,17,17
3139:6,6
3140:6,6
3141:6,17
3142:6,6,17
3143:6,16,16,17
3144:6
3145:6
3146:6
3147:6
3148:6,17
3149:6,16,17
3150:6,6,16,17
3151:6,6
3152:6,6,6,6,6,6,7,7,7,7,10,10,10,10,10,10,10,11,12,14,14,14,14,16,16,16,16,16,17,17,17
3153:6,6,16,16,17
3154:6,7,16
3155:6
3156:6
3157:6
3158:6,16,16,17
3159:6,16,17,17
3160:6,17
3161:6,6,16,16,17
3162:6,7,7,8,8,8,10,11,14,14,14,14
3163:6,6,6,16,17,17
3164:6,6,16,16,16,17,17
3165:6,6,16,17
3166:6,16
3167:6,6
3168:6
3169:6,6,16
3170:6,6,16,16,16,17
3171:6,6,16,17
3172:6,17
3173:6
3174:6,16,17
3175:6,10
3176:6,16,16,16
3177:6,6,16,17
3178:6
3179:6,16
3180:6
3181:6,6,6,6,6,6,7,7,7,7,10,10,10,10,10,11,11,12,14,16,16,17,17,17,18
3182:6,6
3183:6
3184:6
3185:6
3186:6
3187:6,6
3188:6
3189:6,6
3190:6
3191:6
3192:6,16,16
3193:6
3194:6,17,17
3195:6
3196:6
3197:6,6,6,16,16
3198:6,6,6,16,16
3199:6,17
3200:6
3201:6
3202:6,6,7,7,11
3203:6,17
3204:6,16,16,17,17
3205:6,15
3206:6,6,12,16
3207:6,17
3208:6,16,16,17
3209:6,16,16,16
3210:6,6,6,16,17
3211:6,16,17,18
3212:6,16
3213:6,17
3214:6
3215:6,16
3216:6,17
3217:6,6
3218:6,16,16,17,17
3219:16,16,17
3220:7,7,7,14
3221:7,10
3222:6,10
3223:6
3224:6,16
3225:10,10,12,14
3226:6,6
3227:6,6
3228:6,10,10,12,16
3229:6,16
3230:6,16,16,17
3231:6,16
3232:6
3233:6,6
3234:6,16,16
3235:6,13
3236:6,16,17,17,17
3237:6,16,16,16,16,16,17
3238:6,16
3239:6,16,17
3240:6,11
3241:6,17,17,17
3242:7
3243:7,11,11
3244:7
3245:7
3246:7,8,10
3247:7,7,7,14
3248:7,7,8,8,8,8,8,10,10,10,10,10,10,10,10,10,14,14,14,14
3249:7,8,11
3250:7,10,13
3251:7
3252:7
3253:7,7,8,10,10,10,10,14,14
3254:7,8,10,14
3255:7,11,11
3256:7,14,14
3257:7,8,8,10
3258:7
3259:7
3260:7,11
3261:7,10
3262:7
3263:7
3264:7
3265:7,7
3266:7,7
3267:7,7,7,11
3268:7,10,10
3269:7,15,18
3270:7,11,12,12
3271:7,17
3272:7,7
3273:7
3274:7,11
3275:7,7,11
3276:7,10,10
3277:7
3278:7,7
3279:7,15,15
3280:7,10
3281:7,7,8,10
3282:7,10
3283:7,7,8,8
3284:7,11,12,16
3285:7
3286:7,10
3287:10
3288:7,10,12
3289:7,10,11
3290:7
3291:7,15
3292:7
3293:7,11,14
3294:7,10,10
3295:7
3296:8,10,10
3297:13,17
3298:15
3299:15
3300:10
3301:15
3302:9,9,9
3303:9,9
3304:10
3305:15,18
3306:9,16
3307:10
3308:9
3309:17
3310:8,15
3311:15
3312:15,16
3313:9,9
3314:15,15
3315:8,9
3316:8,10
3317:8,10
3318:8,8,15
3319:8,9
3320:8,10
3321:8,9
3322:8,10
3323:9
3324:8,15
3325:11
3326:9,9
3327:8,8,10
3328:8,10
3329:8,10
3330:8,15
3331:8,10
3332:8,10,10,10
3333:8,9
3334:10
3335:10,15
3336:15
3337:15
3338:9
3339:10,10
3340:9,15
3341:10
3342:9,9
3343:15
3344:9,9
3345:9
3346:15
3347:10,12,12
3348:9,9
3349:9,9,9
3350:17
3351:10,10,10
3352:15
3353:15,17,18
3354:10,11
3355:10,10,12
3356:15
3357:16
3358:15
3359:15
3360:15
3361:9,9,9,9
3362:15
3363:15
3364:9,9
3365:17
3366:17
3367:10,15
3368:9,9,9
3369:9,9
3370:15
3371:9,9
3372:17
3373:15
3374:15
3375:9
3376:9
3377:9
3378:9,9
3379:9,9
3380:9,9
3381:9
3382:9,9
3383:9,9,17
3384:9,9,9
3385:9
3386:9
3387:9
3388:9,9,13,13
3389:9
3390:9,9,9
3391:9,9
3392:9
3393:9
3394:9
3395:9
3396:9
3397:9,9
3398:9,9
3399:9,9
3400:9
3401:9
3402:9,9
3403:9
3404:9,9
3405:9,9,9
3406:9
3407:9
3408:9
3409:9
3410:9,9
3411:9,16,17
3412:9
3413:9
3414:9
3415:9,11,14
3416:9,9
3417:9,15
3418:9,9
3419:9
3420:9
3421:9,9
3422:9,9
3423:9
3424:9,9
3425:9
3426:9
3427:9,9,9
3428:9
3429:9
3430:9
3431:9
3432:9
3433:9
3434:9,9,9,17
3435:9
3436:9
3437:9
3438:9
3439:9,9
3440:9,9
3441:9
3442:9
3443:9,9
3444:9
3445:9
3446:9
3447:9
3448:9
3449:9
3450:9,10,14,18
3451:9
3452:9,9
3453:9
3454:9,9
3455:9
3456:9,15
3457:9,9
3458:9,10
3459:9
3460:10
3461:10
3462:15
3463:15,15,15
3464:15
3465:10,10,15
3466:10
3467:10
3468:15
3469:15
3470:10,10,11,17
3471:10,12
3472:10,10
3473:10,10,16,16
3474:15,18,18
3475:10
3476:15
3477:15,17
3478:10,17
3479:15
3480:15,15
3481:15
3482:12,12
3483:10,10,12
3484:16
3485:15,15
3486:15
3487:17,17
3488:13,16,17,17,17
3489:15
3490:16,17,17,17
3491:15,15
3492:15,15
3493:15
3494:15
3495:15
3496:15
3497:15
3498:15
3499:10
3500:10
3501:16
3502:10,10
3503:10
3504:10,10
3505:10
3506:10,10,14,17
3507:10
3508:10
3509:10,17,17,17
3510:10,10,10
3511:10
3512:10,14
3513:10
3514:10
3515:10
3516:10
3517:10
3518:10,10,10
3519:10
3520:10
3521:10,10
3522:10
3523:10,10,10
3524:10
3525:10
3526:10
3527:10,12,12
3528:10,11,14,14
3529:10
3530:10,10,14,14
3531:10,10,10,10,10
3532:10,10
3533:10,10
3534:10
3535:10
3536:10
3537:10
3538:10
3539:10
3540:10
3541:10
3542:10
3543:10,10,18,18
3544:10
3545:10
3546:10,10,12,12,12,12,12,12
3547:10,12,12
3548:10,10
3549:10,14
3550:10,10
3551:10,10
3552:10,11
3553:10
3554:10,14
3555:10,14
3556:10,10
3557:10,17
3558:10
3559:10,10,10
3560:10
3561:10
3562:10,10
3563:10
3564:10
3565:10,17
3566:10
3567:10
3568:10,10
3569:10
3570:10
3571:10
3572:10
3573:10,12
3574:10
3575:10
3576:10
3577:10
3578:10
3579:10
3580:10
3581:10
3582:10
3583:10
3584:10,10
3585:10
3586:10
3587:10,10
3588:10
3589:10,12,12
3590:10,11,11
3591:10
3592:10,12
3593:10,15
3594:10,10
3595:10
3596:10
3597:10
3598:10
3599:10
3600:10
3601:10,14
3602:10
3603:10
3604:10
3605:10,10
3606:10
3607:10,12
3608:10
3609:10
3610:10
3611:10
3612:12,12
3613:15,15
3614:17
3615:16,17
3616:15,18
3617:15,18
3618:15
3619:15
3620:15
3621:15,15
3622:11
3623:15,15
3624:15,15,15
3625:15,15,15
3626:15
3627:14
3628:16
3629:16
3630:16
3631:17
3632:17
3633:16
3634:16
3635:15
3636:11
3637:11,14
3638:11,12
3639:11,11,11
3640:11,15
3641:11,12,12,13
3642:16
3643:16
3644:16,17
3645:12,12
3646:17
3647:12,15,19
3648:17
3649:13,16
3650:13,17
3651:13,16,16,17,17
3652:13,16,16
3653:13,16,16
3654:17
3655:17,17
3656:17
3657:15,15
3658:17
3659:15
3660:16,16
3661:15
3662:16,17
3663:17
3664:15
3665:15
3666:15
3667:14
3668:15
3669:15
3670:15
3671:15
3672:15,15
3673:15
3674:15
3675:15
3676:15
3677:15
3678:15
3679:15
3680:15
3681:15
3682:15,15,15,15
3683:15,15
3684:15
3685:15
3686:15
3687:15,15
3688:15
3689:15
3690:15
3691:15
3692:15
3693:15
3694:15
3695:15
3696:15,15
3697:15
3698:15,18
3699:15
3700:15
3701:15
3702:15
3703:15
3704:15
3705:15
3706:15,15
3707:15,15,15,15,15
3708:15
3709:15
3710:15
3711:15
3712:15
3713:15
3714:15
3715:15
3716:15
3717:15
3718:15
3719:15
3720:15
3721:15
3722:15
3723:15
3724:15,15
3725:15,15
3726:15,15
3727:15
3728:15
3729:15
3730:15
3731:15
3732:15
3733:15
3734:15
3735:15
3736:15
3737:15
3738:15
3739:15
3740:15
3741:15,15,15
3742:15
3743:15
3744:15
3745:15
3746:15
3747:15
3748:15
3749:15
3750:15,15,15
3751:15
3752:15
3753:15
3754:15
3755:15
3756:15
3757:15
3758:15
3759:15
3760:15
3761:15
3762:15,17
3763:15,15
3764:15
3765:15
3766:15
3767:15
3768:15
3769:15
3770:15,15,15,15
3771:15
3772:15
3773:15,15,15
3774:15
3775:15
3776:15
3777:15
3778:15
3779:15,15
3780:15
3781:15
3782:15
3783:15
3784:15
3785:15
3786:15
3787:15
3788:15
3789:15
3790:15
3791:15
3792:15
3793:15
3794:15
3795:15,15
3796:15
3797:15
3798:15
3799:15
3800:15
3801:15
3802:15
3803:15
3804:15
3805:15
3806:15,15
3807:15
3808:15
3809:15
3810:15
3811:15
3812:15
3813:15
3814:15
3815:15
3816:15
3817:15
3818:15
3819:15
3820:15
3821:15
3822:15,15,15,15,15,15,15
3823:15
3824:15
3825:15
3826:15
3827:15
3828:15
3829:15,15
3830:15
3831:15,15
3832:15
3833:15
3834:15
3835:15
3836:15
3837:15,15
3838:15
3839:15
3840:15
3841:15
3842:15
3843:15
3844:15,15
3845:15
3846:15,15
3847:15,18,18
3848:15
3849:15,18
3850:15
3851:15,15
3852:15
3853:15,15
3854:15
3855:15
3856:15,15
3857:15
3858:15
3859:15
3860:15
3861:15
3862:15
3863:15
3864:15
3865:15,19
3866:15
3867:15,15
3868:15
3869:15
3870:15
3871:15,18
3872:15
3873:15
3874:15
3875:15
3876:15
3877:15
3878:15
3879:15
3880:15
3881:15
3882:15
3883:15
3884:15
3885:15,18,18
3886:15
3887:15,19
3888:15
3889:15
3890:15
3891:16,16
3892:16,16,16,17
3893:16
3894:16
3895:16,17,17
3896:16,16
3897:16,16,17,17
3898:16,16,17
3899:16
3900:16,16,17
3901:16
3902:16,16
3903:16
3904:16
3905:16
3906:16,16
3907:16,16,17
3908:16,16,17
3909:16,17,17
3910:17
3911:16,16
3912:16,16,16
3913:16,16
3914:16
3915:16
3916:16,17
3917:16
3918:16,16
3919:16,16
3920:16,16
3921:16
3922:16
3923:16,16,17
3924:16,16,17,17,17,17
3925:16,16,17,17
3926:16
3927:16
3928:16
3929:16
3930:16
3931:16,17,17,17
3932:16
3933:16,17
3934:16
3935:16
3936:16,17
3937:16,17,17,17
3938:16
3939:16
3940:16,16,17
3941:16
3942:16
3943:16
3944:16
3945:16
3946:16
3947:16
3948:16
3949:16
3950:16,17
3951:16,16,16,18
3952:16
3953:16,17
3954:16,16,17
3955:16,17
3956:16,17
3957:16
3958:16,16,16
3959:16
3960:16,17
3961:16,17,17
3962:16
3963:16
3964:16
3965:16,16
3966:17
3967:16,16
3968:16,17,17,17,17
3969:16,17
3970:16,17,17,18
3971:17
3972:17
3973:17
3974:17
3975:17
3976:17
3977:17
3978:17,17,18
3979:17
3980:17
3981:17
3982:17
3983:17,17
3984:17
3985:17
3986:17,17
3987:17
3988:17
3989:17,17
3990:17,17
3991:17
3992:17,17
3993:17
3994:17
3995:17
3996:17
3997:17
3998:17
3999:17
4000:17
4001:17
4002:17
4003:17
4004:17
4005:17
4006:17
4007:17
4008:17
4009:17,17
4010:17
4011:17
4012:17
4013:17
4014:17
4015:17
4016:17
4017:17
4018:17,17
4019:17
4020:17
4021:17
4022:17
4023:17
4024:17
4025:17
4026:17
4027:17
4028:17
4029:17
4030:17
4031:17
4032:17
4033:17
4034:17
4035:17,17
4036:17
4037:17
4038:17
4039:17
4040:17
4041:17
4042:17
4043:17
4044:17
4045:17
4046:17
4047:17
4048:17
4049:17
4050:17
4051:17
4052:17
4053:17
4054:17
4055:17
4056:17
